>CTTTTCAG	1-CTTTTCAG	6.018008	-30.046239	0	T:206.0(11.07%),B:1937.6(6.32%),P:1e-13	Tpos:51.3,Tstd:27.5,Bpos:49.7,Bstd:28.4,StrandBias:-0.3,Multiplicity:1.02
0.001	0.860	0.045	0.094
0.164	0.242	0.094	0.500
0.042	0.313	0.025	0.620
0.166	0.045	0.242	0.547
0.197	0.051	0.086	0.666
0.027	0.534	0.149	0.290
0.644	0.044	0.045	0.267
0.093	0.001	0.768	0.138
>GCGAGTCT	2-GCGAGTCT	6.992930	-18.307037	0	T:66.0(3.55%),B:483.3(1.58%),P:1e-7	Tpos:48.7,Tstd:22.8,Bpos:49.8,Bstd:29.2,StrandBias:0.4,Multiplicity:1.03
0.001	0.001	0.997	0.001
0.253	0.675	0.001	0.071
0.001	0.077	0.710	0.212
0.936	0.001	0.001	0.062
0.001	0.054	0.944	0.001
0.026	0.055	0.001	0.918
0.043	0.838	0.026	0.093
0.001	0.001	0.001	0.997
>GGGGGGGG	3-GGGGGGGG	5.716227	-12.384096	0	T:110.0(5.91%),B:1135.9(3.71%),P:1e-5	Tpos:53.2,Tstd:25.7,Bpos:50.3,Bstd:32.4,StrandBias:0.1,Multiplicity:1.15
0.198	0.045	0.516	0.241
0.241	0.021	0.637	0.101
0.127	0.021	0.668	0.184
0.145	0.016	0.600	0.239
0.050	0.010	0.762	0.178
0.001	0.015	0.757	0.227
0.136	0.177	0.638	0.049
0.206	0.240	0.404	0.150
>AATCAATA	4-AATCAATA	8.236954	-11.681221	0	T:24.0(1.29%),B:131.5(0.43%),P:1e-5	Tpos:52.5,Tstd:25.8,Bpos:52.4,Bstd:28.3,StrandBias:0.5,Multiplicity:1.00
0.700	0.100	0.100	0.100
0.700	0.100	0.100	0.100
0.100	0.100	0.100	0.700
0.100	0.700	0.100	0.100
0.700	0.100	0.100	0.100
0.700	0.100	0.100	0.100
0.100	0.100	0.100	0.700
0.700	0.100	0.100	0.100
>GAAAGGTC	5-GAAAGGTC	9.371053	-11.287202	0	T:25.0(1.34%),B:144.8(0.47%),P:1e-4	Tpos:52.8,Tstd:24.1,Bpos:48.2,Bstd:29.0,StrandBias:-0.3,Multiplicity:1.00
0.001	0.001	0.997	0.001
0.997	0.001	0.001	0.001
0.997	0.001	0.001	0.001
0.997	0.001	0.001	0.001
0.001	0.001	0.997	0.001
0.001	0.183	0.815	0.001
0.001	0.001	0.001	0.997
0.001	0.997	0.001	0.001
>TAGAAWAC	6-TAGAAWAC	7.231111	-10.627508	0	T:103.0(5.53%),B:1093.9(3.57%),P:1e-4	Tpos:52.4,Tstd:26.9,Bpos:50.6,Bstd:28.1,StrandBias:0.0,Multiplicity:1.17
0.001	0.001	0.105	0.893
0.652	0.048	0.187	0.113
0.001	0.001	0.997	0.001
0.876	0.001	0.122	0.001
0.637	0.001	0.129	0.233
0.449	0.001	0.001	0.549
0.955	0.043	0.001	0.001
0.001	0.583	0.415	0.001
>TTCCTTCC	7-TTCCTTCC	7.151769	-10.395973	0	T:180.0(9.67%),B:2165.7(7.07%),P:1e-4	Tpos:49.5,Tstd:26.4,Bpos:48.0,Bstd:28.0,StrandBias:-0.2,Multiplicity:1.68
0.001	0.110	0.001	0.888
0.001	0.001	0.234	0.764
0.366	0.632	0.001	0.001
0.175	0.823	0.001	0.001
0.001	0.001	0.001	0.997
0.329	0.001	0.001	0.669
0.001	0.997	0.001	0.001
0.317	0.670	0.012	0.001
