>AAACAGTATT	1-AAACAGTATT	7.715031	-34.227761	0	T:69.0(3.71%),B:346.5(1.13%),P:1e-14	Tpos:49.3,Tstd:27.6,Bpos:51.0,Bstd:26.6,StrandBias:0.4,Multiplicity:1.03
0.699	0.129	0.171	0.001
0.572	0.278	0.038	0.112
0.443	0.277	0.279	0.001
0.141	0.579	0.089	0.191
0.979	0.001	0.001	0.019
0.202	0.133	0.664	0.001
0.001	0.226	0.102	0.671
0.731	0.001	0.116	0.152
0.001	0.108	0.181	0.710
0.001	0.200	0.001	0.798
>TCTGCTGAAT	2-TCTGCTGAAT	10.314745	-28.671410	0	T:23.0(1.24%),B:41.8(0.14%),P:1e-12	Tpos:48.6,Tstd:28.1,Bpos:51.4,Bstd:25.3,StrandBias:-0.1,Multiplicity:1.00
0.001	0.001	0.001	0.997
0.001	0.854	0.001	0.144
0.001	0.001	0.001	0.997
0.001	0.001	0.997	0.001
0.001	0.838	0.001	0.160
0.001	0.144	0.013	0.842
0.111	0.009	0.778	0.102
0.611	0.001	0.195	0.193
0.997	0.001	0.001	0.001
0.001	0.127	0.269	0.603
>TGATGTAGTA	3-TGATGTAGTA	10.475548	-24.594629	0	T:13.0(0.70%),B:9.3(0.03%),P:1e-10	Tpos:40.0,Tstd:27.5,Bpos:42.0,Bstd:23.9,StrandBias:0.7,Multiplicity:1.00
0.001	0.001	0.001	0.997
0.001	0.059	0.939	0.001
0.914	0.084	0.001	0.001
0.001	0.001	0.001	0.997
0.001	0.001	0.997	0.001
0.109	0.001	0.001	0.889
0.997	0.001	0.001	0.001
0.084	0.001	0.805	0.110
0.001	0.001	0.001	0.997
0.889	0.109	0.001	0.001
>GGGSTYTTCT	4-GGGSTYTTCT	8.010132	-24.414789	0	T:36.0(1.93%),B:141.3(0.46%),P:1e-10	Tpos:52.4,Tstd:22.9,Bpos:53.3,Bstd:29.0,StrandBias:-0.6,Multiplicity:1.03
0.036	0.049	0.896	0.019
0.030	0.012	0.599	0.359
0.153	0.022	0.773	0.052
0.215	0.364	0.401	0.020
0.036	0.368	0.017	0.579
0.090	0.395	0.098	0.417
0.055	0.040	0.143	0.762
0.029	0.292	0.164	0.515
0.320	0.538	0.052	0.090
0.041	0.037	0.033	0.889
>TATAGGTTTG	5-TATAGGTTTG	11.405570	-23.511406	0	T:9.0(0.48%),B:1.3(0.00%),P:1e-10	Tpos:61.8,Tstd:24.7,Bpos:50.5,Bstd:14.4,StrandBias:0.3,Multiplicity:1.00
0.001	0.001	0.001	0.997
0.997	0.001	0.001	0.001
0.001	0.001	0.001	0.997
0.925	0.001	0.073	0.001
0.001	0.001	0.997	0.001
0.001	0.001	0.997	0.001
0.097	0.001	0.001	0.901
0.001	0.001	0.088	0.910
0.115	0.001	0.001	0.883
0.001	0.001	0.997	0.001
>GAAATCAATA	6-GAAATCAATA	10.597396	-23.416481	0	T:23.0(1.24%),B:57.8(0.19%),P:1e-10	Tpos:55.2,Tstd:22.2,Bpos:54.6,Bstd:27.5,StrandBias:0.6,Multiplicity:1.00
0.099	0.001	0.899	0.001
0.922	0.001	0.076	0.001
0.922	0.001	0.076	0.001
0.997	0.001	0.001	0.001
0.001	0.001	0.001	0.997
0.001	0.997	0.001	0.001
0.997	0.001	0.001	0.001
0.922	0.076	0.001	0.001
0.001	0.001	0.001	0.997
0.872	0.001	0.055	0.072
>TGAGRKCATA	7-TGAGRKCATA	10.762511	-22.166507	0	T:14.0(0.75%),B:16.3(0.05%),P:1e-9	Tpos:51.3,Tstd:22.5,Bpos:61.1,Bstd:22.1,StrandBias:-1.7,Multiplicity:1.00
0.289	0.001	0.001	0.709
0.001	0.001	0.997	0.001
0.886	0.001	0.001	0.112
0.112	0.001	0.886	0.001
0.453	0.001	0.545	0.001
0.001	0.001	0.425	0.573
0.001	0.997	0.001	0.001
0.867	0.131	0.001	0.001
0.001	0.001	0.120	0.878
0.840	0.001	0.001	0.158
>TGGTGGCWAA	8-TGGTGGCWAA	9.829257	-21.770842	0	T:13.0(0.70%),B:13.2(0.04%),P:1e-9	Tpos:53.0,Tstd:28.4,Bpos:53.6,Bstd:27.2,StrandBias:-2.5,Multiplicity:1.00
0.001	0.001	0.001	0.997
0.001	0.001	0.997	0.001
0.107	0.001	0.891	0.001
0.001	0.168	0.001	0.830
0.001	0.295	0.613	0.091
0.166	0.001	0.832	0.001
0.297	0.701	0.001	0.001
0.428	0.001	0.153	0.418
0.893	0.001	0.001	0.105
0.871	0.001	0.001	0.127
>TCTCTAAAAC	9-TCTCTAAAAC	12.206261	-21.516821	0	T:12.0(0.64%),B:10.1(0.03%),P:1e-9	Tpos:52.8,Tstd:17.8,Bpos:53.5,Bstd:26.2,StrandBias:1.6,Multiplicity:1.00
0.001	0.001	0.001	0.997
0.001	0.997	0.001	0.001
0.001	0.001	0.001	0.997
0.001	0.802	0.001	0.196
0.001	0.001	0.001	0.997
0.997	0.001	0.001	0.001
0.997	0.001	0.001	0.001
0.997	0.001	0.001	0.001
0.997	0.001	0.001	0.001
0.001	0.997	0.001	0.001
>GCCGTTTCAG	10-GCCGTTTCAG	10.756692	-20.884499	0	T:10.0(0.54%),B:5.2(0.02%),P:1e-9	Tpos:38.0,Tstd:25.4,Bpos:54.4,Bstd:32.7,StrandBias:0.0,Multiplicity:1.00
0.257	0.001	0.741	0.001
0.001	0.997	0.001	0.001
0.197	0.801	0.001	0.001
0.001	0.274	0.724	0.001
0.001	0.001	0.001	0.997
0.001	0.001	0.001	0.997
0.197	0.257	0.001	0.545
0.001	0.997	0.001	0.001
0.997	0.001	0.001	0.001
0.001	0.001	0.789	0.209
>HTGTCCAGAR	11-HTGTCCAGAR	7.078251	-20.813730	0	T:38.0(2.04%),B:181.5(0.59%),P:1e-9	Tpos:46.6,Tstd:25.8,Bpos:51.1,Bstd:27.3,StrandBias:-0.3,Multiplicity:1.00
0.270	0.402	0.040	0.288
0.032	0.029	0.020	0.919
0.249	0.015	0.493	0.244
0.193	0.020	0.310	0.478
0.299	0.637	0.025	0.039
0.031	0.613	0.008	0.348
0.679	0.027	0.017	0.277
0.033	0.282	0.465	0.219
0.613	0.168	0.186	0.033
0.422	0.050	0.307	0.221
>AGCTTCCCCT	12-AGCTTCCCCT	10.774025	-20.321184	0	T:15.0(0.81%),B:24.4(0.08%),P:1e-8	Tpos:43.0,Tstd:29.8,Bpos:54.6,Bstd:28.1,StrandBias:-0.6,Multiplicity:1.00
0.901	0.097	0.001	0.001
0.001	0.001	0.997	0.001
0.097	0.901	0.001	0.001
0.001	0.001	0.001	0.997
0.001	0.001	0.001	0.997
0.001	0.832	0.098	0.069
0.001	0.828	0.001	0.170
0.001	0.997	0.001	0.001
0.001	0.997	0.001	0.001
0.001	0.001	0.001	0.997
>TAATCTCAAT	13-TAATCTCAAT	7.706749	-18.771124	0	T:43.0(2.31%),B:243.8(0.80%),P:1e-8	Tpos:55.8,Tstd:27.1,Bpos:48.6,Bstd:27.2,StrandBias:0.3,Multiplicity:1.00
0.038	0.038	0.071	0.853
0.781	0.089	0.063	0.067
0.809	0.052	0.075	0.064
0.105	0.079	0.068	0.748
0.072	0.807	0.060	0.061
0.117	0.069	0.001	0.813
0.061	0.806	0.041	0.092
0.892	0.058	0.001	0.049
0.745	0.065	0.064	0.126
0.069	0.072	0.104	0.755
>ATCTATTCTA	14-ATCTATTCTA	9.145030	-18.317377	0	T:25.0(1.34%),B:93.5(0.31%),P:1e-7	Tpos:58.8,Tstd:22.7,Bpos:48.3,Bstd:29.1,StrandBias:0.2,Multiplicity:1.48
0.845	0.001	0.119	0.035
0.001	0.089	0.001	0.909
0.001	0.973	0.001	0.025
0.001	0.001	0.001	0.997
0.842	0.071	0.064	0.023
0.001	0.001	0.078	0.920
0.118	0.001	0.001	0.880
0.001	0.997	0.001	0.001
0.143	0.102	0.001	0.754
0.876	0.064	0.002	0.058
>GWAGATGATG	15-GWAGATGATG	7.137797	-18.097266	0	T:35.0(1.88%),B:176.7(0.58%),P:1e-7	Tpos:44.9,Tstd:23.4,Bpos:48.7,Bstd:28.2,StrandBias:0.3,Multiplicity:1.03
0.205	0.143	0.415	0.237
0.478	0.094	0.087	0.341
0.543	0.001	0.223	0.233
0.170	0.160	0.637	0.033
0.615	0.068	0.222	0.095
0.013	0.056	0.080	0.851
0.303	0.066	0.507	0.124
0.637	0.223	0.095	0.045
0.217	0.060	0.162	0.561
0.208	0.152	0.527	0.113
>AATGCCCAAG	16-AATGCCCAAG	11.756460	-16.900218	0	T:8.0(0.43%),B:4.4(0.01%),P:1e-7	Tpos:59.9,Tstd:17.5,Bpos:35.4,Bstd:26.6,StrandBias:0.0,Multiplicity:1.00
0.997	0.001	0.001	0.001
0.997	0.001	0.001	0.001
0.001	0.001	0.001	0.997
0.001	0.001	0.997	0.001
0.001	0.997	0.001	0.001
0.001	0.997	0.001	0.001
0.001	0.873	0.001	0.125
0.997	0.001	0.001	0.001
0.997	0.001	0.001	0.001
0.001	0.001	0.997	0.001
>TWMASATCTG	17-TWMASATCTG	7.099774	-15.331549	0	T:107.0(5.75%),B:1023.0(3.34%),P:1e-6	Tpos:51.6,Tstd:26.4,Bpos:51.5,Bstd:26.2,StrandBias:-0.1,Multiplicity:1.01
0.293	0.035	0.054	0.618
0.430	0.043	0.090	0.437
0.415	0.465	0.063	0.058
0.764	0.218	0.001	0.017
0.031	0.430	0.498	0.042
0.803	0.045	0.075	0.077
0.096	0.103	0.039	0.762
0.008	0.966	0.018	0.008
0.020	0.025	0.001	0.954
0.135	0.084	0.689	0.092
>TTTACCCTGC	18-TTTACCCTGC	11.756460	-15.201119	0	T:8.0(0.43%),B:6.4(0.02%),P:1e-6	Tpos:54.2,Tstd:23.8,Bpos:42.4,Bstd:34.5,StrandBias:-1.6,Multiplicity:1.00
0.125	0.001	0.001	0.873
0.001	0.001	0.001	0.997
0.001	0.001	0.001	0.997
0.997	0.001	0.001	0.001
0.001	0.997	0.001	0.001
0.001	0.997	0.001	0.001
0.001	0.997	0.001	0.001
0.001	0.001	0.001	0.997
0.001	0.001	0.997	0.001
0.001	0.997	0.001	0.001
>CGCCGCAGCC	19-CGCCGCAGCC	10.357399	-12.891872	0	T:7.0(0.38%),B:6.5(0.02%),P:1e-5	Tpos:60.9,Tstd:23.6,Bpos:44.8,Bstd:23.1,StrandBias:3.6,Multiplicity:1.14
0.001	0.890	0.001	0.108
0.001	0.108	0.890	0.001
0.001	0.997	0.001	0.001
0.001	0.997	0.001	0.001
0.001	0.083	0.915	0.001
0.001	0.997	0.001	0.001
0.521	0.369	0.001	0.109
0.001	0.001	0.997	0.001
0.001	0.997	0.001	0.001
0.001	0.890	0.001	0.108
>DGGGGGGGGN	20-DGGGGGGGGN	6.885078	-12.527279	0	T:103.0(5.53%),B:1040.1(3.39%),P:1e-5	Tpos:52.6,Tstd:24.8,Bpos:50.2,Bstd:31.6,StrandBias:0.2,Multiplicity:1.09
0.254	0.137	0.358	0.251
0.087	0.009	0.903	0.001
0.106	0.010	0.848	0.036
0.012	0.082	0.851	0.055
0.085	0.001	0.864	0.050
0.012	0.015	0.867	0.106
0.001	0.001	0.937	0.061
0.037	0.099	0.854	0.010
0.029	0.057	0.877	0.037
0.286	0.253	0.257	0.204
>CCWYNCWTSC	21-CCWYNCWTSC	7.755550	-10.699837	0	T:57.0(3.06%),B:505.3(1.65%),P:1e-4	Tpos:51.1,Tstd:24.4,Bpos:47.1,Bstd:26.9,StrandBias:-0.5,Multiplicity:1.04
0.064	0.706	0.191	0.039
0.168	0.691	0.021	0.120
0.484	0.036	0.008	0.472
0.029	0.372	0.112	0.486
0.187	0.270	0.245	0.298
0.158	0.725	0.068	0.049
0.413	0.042	0.001	0.544
0.328	0.031	0.037	0.604
0.122	0.446	0.410	0.022
0.015	0.893	0.050	0.042
>TACATATAGA	22-TACATATAGA	10.603731	-8.666967	0	T:11.0(0.59%),B:42.5(0.14%),P:1e-3	Tpos:46.3,Tstd:26.7,Bpos:47.3,Bstd:26.9,StrandBias:-1.7,Multiplicity:1.09
0.001	0.001	0.146	0.852
0.824	0.001	0.001	0.174
0.001	0.997	0.001	0.001
0.997	0.001	0.001	0.001
0.001	0.001	0.001	0.997
0.452	0.115	0.255	0.177
0.001	0.001	0.165	0.833
0.997	0.001	0.001	0.001
0.001	0.137	0.861	0.001
0.997	0.001	0.001	0.001
>AAATATATAT	23-AAATATATAT	9.199574	-6.104425	0	T:43.0(2.31%),B:433.7(1.42%),P:1e-2	Tpos:55.9,Tstd:27.2,Bpos:48.3,Bstd:26.2,StrandBias:0.1,Multiplicity:1.10
0.785	0.062	0.086	0.067
0.847	0.066	0.057	0.030
0.754	0.061	0.097	0.088
0.055	0.088	0.115	0.742
0.868	0.043	0.077	0.012
0.067	0.071	0.102	0.760
0.778	0.059	0.081	0.082
0.060	0.080	0.055	0.805
0.841	0.057	0.070	0.032
0.044	0.094	0.034	0.828
>ATACATATAC	24-ATACATATAC	10.913446	-5.083863	0	T:12.0(0.64%),B:80.8(0.26%),P:1e-2	Tpos:53.3,Tstd:29.3,Bpos:50.4,Bstd:22.7,StrandBias:-2.2,Multiplicity:2.75
0.894	0.001	0.104	0.001
0.001	0.001	0.001	0.997
0.997	0.001	0.001	0.001
0.001	0.997	0.001	0.001
0.997	0.001	0.001	0.001
0.001	0.001	0.001	0.997
0.997	0.001	0.001	0.001
0.060	0.001	0.001	0.938
0.997	0.001	0.001	0.001
0.001	0.997	0.001	0.001
>AGCGTGTGWG	25-AGCGTGTGWG	7.704415	-4.850494	0	T:76.0(4.08%),B:926.8(3.02%),P:1e-2	Tpos:47.8,Tstd:23.9,Bpos:50.5,Bstd:22.9,StrandBias:-0.4,Multiplicity:1.15
0.514	0.167	0.207	0.112
0.053	0.001	0.899	0.047
0.001	0.630	0.001	0.368
0.001	0.001	0.930	0.068
0.204	0.205	0.001	0.590
0.001	0.153	0.606	0.240
0.001	0.001	0.271	0.727
0.001	0.039	0.959	0.001
0.491	0.002	0.001	0.506
0.001	0.054	0.944	0.001
