>AAACAGTATT	1-AAACAGTATT	7.715031	-34.227761	0	T:69.0(3.71%),B:346.5(1.13%),P:1e-14	Tpos:49.3,Tstd:27.6,Bpos:51.0,Bstd:26.6,StrandBias:0.4,Multiplicity:1.03
0.699	0.129	0.171	0.001
0.572	0.278	0.038	0.112
0.443	0.277	0.279	0.001
0.141	0.579	0.089	0.191
0.979	0.001	0.001	0.019
0.202	0.133	0.664	0.001
0.001	0.226	0.102	0.671
0.731	0.001	0.116	0.152
0.001	0.108	0.181	0.710
0.001	0.200	0.001	0.798
>TCTGCTGAAT	2-TCTGCTGAAT	10.314745	-28.671410	0	T:23.0(1.24%),B:41.8(0.14%),P:1e-12	Tpos:48.6,Tstd:28.1,Bpos:51.4,Bstd:25.3,StrandBias:-0.1,Multiplicity:1.00
0.001	0.001	0.001	0.997
0.001	0.854	0.001	0.144
0.001	0.001	0.001	0.997
0.001	0.001	0.997	0.001
0.001	0.838	0.001	0.160
0.001	0.144	0.013	0.842
0.111	0.009	0.778	0.102
0.611	0.001	0.195	0.193
0.997	0.001	0.001	0.001
0.001	0.127	0.269	0.603
>TGATGTAGTA	3-TGATGTAGTA	10.475548	-24.594629	0	T:13.0(0.70%),B:9.3(0.03%),P:1e-10	Tpos:40.0,Tstd:27.5,Bpos:42.0,Bstd:23.9,StrandBias:0.7,Multiplicity:1.00
0.001	0.001	0.001	0.997
0.001	0.059	0.939	0.001
0.914	0.084	0.001	0.001
0.001	0.001	0.001	0.997
0.001	0.001	0.997	0.001
0.109	0.001	0.001	0.889
0.997	0.001	0.001	0.001
0.084	0.001	0.805	0.110
0.001	0.001	0.001	0.997
0.889	0.109	0.001	0.001
>GGGSTYTTCT	4-GGGSTYTTCT	8.010132	-24.414789	0	T:36.0(1.93%),B:141.3(0.46%),P:1e-10	Tpos:52.4,Tstd:22.9,Bpos:53.3,Bstd:29.0,StrandBias:-0.6,Multiplicity:1.03
0.036	0.049	0.896	0.019
0.030	0.012	0.599	0.359
0.153	0.022	0.773	0.052
0.215	0.364	0.401	0.020
0.036	0.368	0.017	0.579
0.090	0.395	0.098	0.417
0.055	0.040	0.143	0.762
0.029	0.292	0.164	0.515
0.320	0.538	0.052	0.090
0.041	0.037	0.033	0.889
>TATAGGTTTG	5-TATAGGTTTG	11.405570	-23.511406	0	T:9.0(0.48%),B:1.3(0.00%),P:1e-10	Tpos:61.8,Tstd:24.7,Bpos:50.5,Bstd:14.4,StrandBias:0.3,Multiplicity:1.00
0.001	0.001	0.001	0.997
0.997	0.001	0.001	0.001
0.001	0.001	0.001	0.997
0.925	0.001	0.073	0.001
0.001	0.001	0.997	0.001
0.001	0.001	0.997	0.001
0.097	0.001	0.001	0.901
0.001	0.001	0.088	0.910
0.115	0.001	0.001	0.883
0.001	0.001	0.997	0.001
>GAAATCAATA	6-GAAATCAATA	10.597396	-23.416481	0	T:23.0(1.24%),B:57.8(0.19%),P:1e-10	Tpos:55.2,Tstd:22.2,Bpos:54.6,Bstd:27.5,StrandBias:0.6,Multiplicity:1.00
0.099	0.001	0.899	0.001
0.922	0.001	0.076	0.001
0.922	0.001	0.076	0.001
0.997	0.001	0.001	0.001
0.001	0.001	0.001	0.997
0.001	0.997	0.001	0.001
0.997	0.001	0.001	0.001
0.922	0.076	0.001	0.001
0.001	0.001	0.001	0.997
0.872	0.001	0.055	0.072
>TGAGRKCATA	7-TGAGRKCATA	10.762511	-22.166507	0	T:14.0(0.75%),B:16.3(0.05%),P:1e-9	Tpos:51.3,Tstd:22.5,Bpos:61.1,Bstd:22.1,StrandBias:-1.7,Multiplicity:1.00
0.289	0.001	0.001	0.709
0.001	0.001	0.997	0.001
0.886	0.001	0.001	0.112
0.112	0.001	0.886	0.001
0.453	0.001	0.545	0.001
0.001	0.001	0.425	0.573
0.001	0.997	0.001	0.001
0.867	0.131	0.001	0.001
0.001	0.001	0.120	0.878
0.840	0.001	0.001	0.158
>TGGTGGCWAA	8-TGGTGGCWAA	9.829257	-21.770842	0	T:13.0(0.70%),B:13.2(0.04%),P:1e-9	Tpos:53.0,Tstd:28.4,Bpos:53.6,Bstd:27.2,StrandBias:-2.5,Multiplicity:1.00
0.001	0.001	0.001	0.997
0.001	0.001	0.997	0.001
0.107	0.001	0.891	0.001
0.001	0.168	0.001	0.830
0.001	0.295	0.613	0.091
0.166	0.001	0.832	0.001
0.297	0.701	0.001	0.001
0.428	0.001	0.153	0.418
0.893	0.001	0.001	0.105
0.871	0.001	0.001	0.127
>TCTCTAAAAC	9-TCTCTAAAAC	12.206261	-21.516821	0	T:12.0(0.64%),B:10.1(0.03%),P:1e-9	Tpos:52.8,Tstd:17.8,Bpos:53.5,Bstd:26.2,StrandBias:1.6,Multiplicity:1.00
0.001	0.001	0.001	0.997
0.001	0.997	0.001	0.001
0.001	0.001	0.001	0.997
0.001	0.802	0.001	0.196
0.001	0.001	0.001	0.997
0.997	0.001	0.001	0.001
0.997	0.001	0.001	0.001
0.997	0.001	0.001	0.001
0.997	0.001	0.001	0.001
0.001	0.997	0.001	0.001
>GCCGTTTCAG	10-GCCGTTTCAG	10.756692	-20.884499	0	T:10.0(0.54%),B:5.2(0.02%),P:1e-9	Tpos:38.0,Tstd:25.4,Bpos:54.4,Bstd:32.7,StrandBias:0.0,Multiplicity:1.00
0.257	0.001	0.741	0.001
0.001	0.997	0.001	0.001
0.197	0.801	0.001	0.001
0.001	0.274	0.724	0.001
0.001	0.001	0.001	0.997
0.001	0.001	0.001	0.997
0.197	0.257	0.001	0.545
0.001	0.997	0.001	0.001
0.997	0.001	0.001	0.001
0.001	0.001	0.789	0.209
>HTGTCCAGAR	11-HTGTCCAGAR	7.078251	-20.813730	0	T:38.0(2.04%),B:181.5(0.59%),P:1e-9	Tpos:46.6,Tstd:25.8,Bpos:51.1,Bstd:27.3,StrandBias:-0.3,Multiplicity:1.00
0.270	0.402	0.040	0.288
0.032	0.029	0.020	0.919
0.249	0.015	0.493	0.244
0.193	0.020	0.310	0.478
0.299	0.637	0.025	0.039
0.031	0.613	0.008	0.348
0.679	0.027	0.017	0.277
0.033	0.282	0.465	0.219
0.613	0.168	0.186	0.033
0.422	0.050	0.307	0.221
>AGCTTCCCCT	12-AGCTTCCCCT	10.774025	-20.321184	0	T:15.0(0.81%),B:24.4(0.08%),P:1e-8	Tpos:43.0,Tstd:29.8,Bpos:54.6,Bstd:28.1,StrandBias:-0.6,Multiplicity:1.00
0.901	0.097	0.001	0.001
0.001	0.001	0.997	0.001
0.097	0.901	0.001	0.001
0.001	0.001	0.001	0.997
0.001	0.001	0.001	0.997
0.001	0.832	0.098	0.069
0.001	0.828	0.001	0.170
0.001	0.997	0.001	0.001
0.001	0.997	0.001	0.001
0.001	0.001	0.001	0.997
>TAATCTCAAT	13-TAATCTCAAT	7.706749	-18.771124	0	T:43.0(2.31%),B:243.8(0.80%),P:1e-8	Tpos:55.8,Tstd:27.1,Bpos:48.6,Bstd:27.2,StrandBias:0.3,Multiplicity:1.00
0.038	0.038	0.071	0.853
0.781	0.089	0.063	0.067
0.809	0.052	0.075	0.064
0.105	0.079	0.068	0.748
0.072	0.807	0.060	0.061
0.117	0.069	0.001	0.813
0.061	0.806	0.041	0.092
0.892	0.058	0.001	0.049
0.745	0.065	0.064	0.126
0.069	0.072	0.104	0.755
>ATCTATTCTA	14-ATCTATTCTA	9.145030	-18.317377	0	T:25.0(1.34%),B:93.5(0.31%),P:1e-7	Tpos:58.8,Tstd:22.7,Bpos:48.3,Bstd:29.1,StrandBias:0.2,Multiplicity:1.48
0.845	0.001	0.119	0.035
0.001	0.089	0.001	0.909
0.001	0.973	0.001	0.025
0.001	0.001	0.001	0.997
0.842	0.071	0.064	0.023
0.001	0.001	0.078	0.920
0.118	0.001	0.001	0.880
0.001	0.997	0.001	0.001
0.143	0.102	0.001	0.754
0.876	0.064	0.002	0.058
>GWAGATGATG	15-GWAGATGATG	7.137797	-18.097266	0	T:35.0(1.88%),B:176.7(0.58%),P:1e-7	Tpos:44.9,Tstd:23.4,Bpos:48.7,Bstd:28.2,StrandBias:0.3,Multiplicity:1.03
0.205	0.143	0.415	0.237
0.478	0.094	0.087	0.341
0.543	0.001	0.223	0.233
0.170	0.160	0.637	0.033
0.615	0.068	0.222	0.095
0.013	0.056	0.080	0.851
0.303	0.066	0.507	0.124
0.637	0.223	0.095	0.045
0.217	0.060	0.162	0.561
0.208	0.152	0.527	0.113
>AATGCCCAAG	16-AATGCCCAAG	11.756460	-16.900218	0	T:8.0(0.43%),B:4.4(0.01%),P:1e-7	Tpos:59.9,Tstd:17.5,Bpos:35.4,Bstd:26.6,StrandBias:0.0,Multiplicity:1.00
0.997	0.001	0.001	0.001
0.997	0.001	0.001	0.001
0.001	0.001	0.001	0.997
0.001	0.001	0.997	0.001
0.001	0.997	0.001	0.001
0.001	0.997	0.001	0.001
0.001	0.873	0.001	0.125
0.997	0.001	0.001	0.001
0.997	0.001	0.001	0.001
0.001	0.001	0.997	0.001
>TWMASATCTG	17-TWMASATCTG	7.099774	-15.331549	0	T:107.0(5.75%),B:1023.0(3.34%),P:1e-6	Tpos:51.6,Tstd:26.4,Bpos:51.5,Bstd:26.2,StrandBias:-0.1,Multiplicity:1.01
0.293	0.035	0.054	0.618
0.430	0.043	0.090	0.437
0.415	0.465	0.063	0.058
0.764	0.218	0.001	0.017
0.031	0.430	0.498	0.042
0.803	0.045	0.075	0.077
0.096	0.103	0.039	0.762
0.008	0.966	0.018	0.008
0.020	0.025	0.001	0.954
0.135	0.084	0.689	0.092
>TTTACCCTGC	18-TTTACCCTGC	11.756460	-15.201119	0	T:8.0(0.43%),B:6.4(0.02%),P:1e-6	Tpos:54.2,Tstd:23.8,Bpos:42.4,Bstd:34.5,StrandBias:-1.6,Multiplicity:1.00
0.125	0.001	0.001	0.873
0.001	0.001	0.001	0.997
0.001	0.001	0.001	0.997
0.997	0.001	0.001	0.001
0.001	0.997	0.001	0.001
0.001	0.997	0.001	0.001
0.001	0.997	0.001	0.001
0.001	0.001	0.001	0.997
0.001	0.001	0.997	0.001
0.001	0.997	0.001	0.001
>CGCCGCAGCC	19-CGCCGCAGCC	10.357399	-12.891872	0	T:7.0(0.38%),B:6.5(0.02%),P:1e-5	Tpos:60.9,Tstd:23.6,Bpos:44.8,Bstd:23.1,StrandBias:3.6,Multiplicity:1.14
0.001	0.890	0.001	0.108
0.001	0.108	0.890	0.001
0.001	0.997	0.001	0.001
0.001	0.997	0.001	0.001
0.001	0.083	0.915	0.001
0.001	0.997	0.001	0.001
0.521	0.369	0.001	0.109
0.001	0.001	0.997	0.001
0.001	0.997	0.001	0.001
0.001	0.890	0.001	0.108
>DGGGGGGGGN	20-DGGGGGGGGN	6.885078	-12.527279	0	T:103.0(5.53%),B:1040.1(3.39%),P:1e-5	Tpos:52.6,Tstd:24.8,Bpos:50.2,Bstd:31.6,StrandBias:0.2,Multiplicity:1.09
0.254	0.137	0.358	0.251
0.087	0.009	0.903	0.001
0.106	0.010	0.848	0.036
0.012	0.082	0.851	0.055
0.085	0.001	0.864	0.050
0.012	0.015	0.867	0.106
0.001	0.001	0.937	0.061
0.037	0.099	0.854	0.010
0.029	0.057	0.877	0.037
0.286	0.253	0.257	0.204
>CCWYNCWTSC	21-CCWYNCWTSC	7.755550	-10.699837	0	T:57.0(3.06%),B:505.3(1.65%),P:1e-4	Tpos:51.1,Tstd:24.4,Bpos:47.1,Bstd:26.9,StrandBias:-0.5,Multiplicity:1.04
0.064	0.706	0.191	0.039
0.168	0.691	0.021	0.120
0.484	0.036	0.008	0.472
0.029	0.372	0.112	0.486
0.187	0.270	0.245	0.298
0.158	0.725	0.068	0.049
0.413	0.042	0.001	0.544
0.328	0.031	0.037	0.604
0.122	0.446	0.410	0.022
0.015	0.893	0.050	0.042
>TACATATAGA	22-TACATATAGA	10.603731	-8.666967	0	T:11.0(0.59%),B:42.5(0.14%),P:1e-3	Tpos:46.3,Tstd:26.7,Bpos:47.3,Bstd:26.9,StrandBias:-1.7,Multiplicity:1.09
0.001	0.001	0.146	0.852
0.824	0.001	0.001	0.174
0.001	0.997	0.001	0.001
0.997	0.001	0.001	0.001
0.001	0.001	0.001	0.997
0.452	0.115	0.255	0.177
0.001	0.001	0.165	0.833
0.997	0.001	0.001	0.001
0.001	0.137	0.861	0.001
0.997	0.001	0.001	0.001
>AAATATATAT	23-AAATATATAT	9.199574	-6.104425	0	T:43.0(2.31%),B:433.7(1.42%),P:1e-2	Tpos:55.9,Tstd:27.2,Bpos:48.3,Bstd:26.2,StrandBias:0.1,Multiplicity:1.10
0.785	0.062	0.086	0.067
0.847	0.066	0.057	0.030
0.754	0.061	0.097	0.088
0.055	0.088	0.115	0.742
0.868	0.043	0.077	0.012
0.067	0.071	0.102	0.760
0.778	0.059	0.081	0.082
0.060	0.080	0.055	0.805
0.841	0.057	0.070	0.032
0.044	0.094	0.034	0.828
>ATACATATAC	24-ATACATATAC	10.913446	-5.083863	0	T:12.0(0.64%),B:80.8(0.26%),P:1e-2	Tpos:53.3,Tstd:29.3,Bpos:50.4,Bstd:22.7,StrandBias:-2.2,Multiplicity:2.75
0.894	0.001	0.104	0.001
0.001	0.001	0.001	0.997
0.997	0.001	0.001	0.001
0.001	0.997	0.001	0.001
0.997	0.001	0.001	0.001
0.001	0.001	0.001	0.997
0.997	0.001	0.001	0.001
0.060	0.001	0.001	0.938
0.997	0.001	0.001	0.001
0.001	0.997	0.001	0.001
>AGCGTGTGWG	25-AGCGTGTGWG	7.704415	-4.850494	0	T:76.0(4.08%),B:926.8(3.02%),P:1e-2	Tpos:47.8,Tstd:23.9,Bpos:50.5,Bstd:22.9,StrandBias:-0.4,Multiplicity:1.15
0.514	0.167	0.207	0.112
0.053	0.001	0.899	0.047
0.001	0.630	0.001	0.368
0.001	0.001	0.930	0.068
0.204	0.205	0.001	0.590
0.001	0.153	0.606	0.240
0.001	0.001	0.271	0.727
0.001	0.039	0.959	0.001
0.491	0.002	0.001	0.506
0.001	0.054	0.944	0.001
>AAGAAATCAATA	1-AAGAAATCAATA	12.681626	-36.332273	0	T:19.0(1.02%),B:12.2(0.04%),P:1e-15	Tpos:57.5,Tstd:22.4,Bpos:54.8,Bstd:20.2,StrandBias:0.5,Multiplicity:1.00
0.875	0.001	0.054	0.070
0.646	0.001	0.352	0.001
0.070	0.001	0.928	0.001
0.997	0.001	0.001	0.001
0.928	0.001	0.070	0.001
0.997	0.001	0.001	0.001
0.001	0.053	0.001	0.945
0.054	0.875	0.070	0.001
0.997	0.001	0.001	0.001
0.945	0.001	0.001	0.053
0.001	0.001	0.038	0.960
0.945	0.001	0.001	0.053
>CAGAGAGGTTTW	2-CAGAGAGGTTTW	9.824563	-34.184333	0	T:30.0(1.61%),B:61.7(0.20%),P:1e-14	Tpos:50.5,Tstd:22.3,Bpos:50.7,Bstd:27.9,StrandBias:0.8,Multiplicity:1.00
0.102	0.651	0.001	0.246
0.997	0.001	0.001	0.001
0.001	0.001	0.997	0.001
0.692	0.001	0.225	0.082
0.001	0.040	0.958	0.001
0.997	0.001	0.001	0.001
0.127	0.001	0.871	0.001
0.001	0.258	0.624	0.117
0.225	0.001	0.199	0.575
0.001	0.053	0.195	0.751
0.248	0.001	0.155	0.596
0.449	0.186	0.001	0.364
>CCTGHGAAGRTG	3-CCTGHGAAGRTG	11.009013	-31.481627	0	T:22.0(1.18%),B:30.4(0.10%),P:1e-13	Tpos:47.3,Tstd:25.8,Bpos:49.4,Bstd:23.5,StrandBias:0.0,Multiplicity:1.00
0.086	0.684	0.086	0.144
0.001	0.913	0.001	0.085
0.001	0.001	0.001	0.997
0.003	0.001	0.910	0.086
0.268	0.258	0.151	0.323
0.140	0.001	0.858	0.001
0.842	0.156	0.001	0.001
0.997	0.001	0.001	0.001
0.086	0.001	0.827	0.086
0.449	0.001	0.549	0.001
0.086	0.001	0.061	0.852
0.001	0.001	0.997	0.001
>TCCTGGAGTGGG	4-TCCTGGAGTGGG	10.429985	-28.430117	0	T:18.0(0.97%),B:20.3(0.07%),P:1e-12	Tpos:49.2,Tstd:30.0,Bpos:49.4,Bstd:25.4,StrandBias:0.3,Multiplicity:1.00
0.098	0.003	0.001	0.898
0.043	0.845	0.056	0.056
0.002	0.830	0.001	0.167
0.059	0.056	0.056	0.829
0.043	0.056	0.845	0.056
0.001	0.113	0.885	0.001
0.692	0.001	0.252	0.055
0.153	0.001	0.845	0.001
0.167	0.098	0.043	0.692
0.144	0.042	0.813	0.001
0.055	0.001	0.902	0.042
0.058	0.001	0.940	0.001
>GAAATGCCCAAG	5-GAAATGCCCAAG	9.977668	-28.293640	0	T:24.0(1.29%),B:48.0(0.16%),P:1e-12	Tpos:47.9,Tstd:24.2,Bpos:51.3,Bstd:26.9,StrandBias:-0.2,Multiplicity:1.00
0.001	0.103	0.895	0.001
0.907	0.091	0.001	0.001
0.947	0.001	0.051	0.001
0.803	0.092	0.104	0.001
0.040	0.001	0.104	0.855
0.040	0.092	0.816	0.052
0.052	0.764	0.092	0.092
0.092	0.855	0.052	0.001
0.001	0.853	0.052	0.094
0.791	0.156	0.052	0.001
0.843	0.001	0.052	0.104
0.156	0.094	0.698	0.052
>GCTSATCAGAAG	6-GCTSATCAGAAG	11.158775	-26.865475	0	T:17.0(0.91%),B:19.2(0.06%),P:1e-11	Tpos:54.9,Tstd:26.6,Bpos:51.7,Bstd:24.1,StrandBias:0.9,Multiplicity:1.00
0.001	0.001	0.670	0.328
0.001	0.822	0.176	0.001
0.244	0.001	0.001	0.754
0.001	0.513	0.485	0.001
0.719	0.001	0.001	0.279
0.319	0.195	0.001	0.485
0.001	0.822	0.176	0.001
0.807	0.001	0.001	0.191
0.001	0.001	0.997	0.001
0.997	0.001	0.001	0.001
0.997	0.001	0.001	0.001
0.001	0.176	0.822	0.001
>CATATWAAGACA	7-CATATWAAGACA	10.415689	-26.810242	0	T:37.0(1.99%),B:135.9(0.44%),P:1e-11	Tpos:46.5,Tstd:26.1,Bpos:47.3,Bstd:25.5,StrandBias:-0.4,Multiplicity:1.00
0.097	0.776	0.126	0.001
0.997	0.001	0.001	0.001
0.126	0.137	0.080	0.657
0.537	0.001	0.126	0.336
0.216	0.001	0.126	0.657
0.533	0.001	0.001	0.465
0.997	0.001	0.001	0.001
0.997	0.001	0.001	0.001
0.001	0.210	0.705	0.084
0.902	0.001	0.001	0.096
0.001	0.898	0.001	0.100
0.997	0.001	0.001	0.001
>RCMMTYCYTTGS	8-RCMMTYCYTTGS	12.115437	-25.755252	0	T:11.0(0.59%),B:3.2(0.01%),P:1e-11	Tpos:49.3,Tstd:28.3,Bpos:56.4,Bstd:19.0,StrandBias:-1.4,Multiplicity:1.00
0.445	0.126	0.427	0.001
0.001	0.997	0.001	0.001
0.427	0.571	0.001	0.001
0.431	0.567	0.001	0.001
0.001	0.128	0.001	0.870
0.001	0.573	0.001	0.425
0.001	0.997	0.001	0.001
0.001	0.495	0.001	0.503
0.001	0.001	0.001	0.997
0.001	0.001	0.001	0.997
0.014	0.001	0.984	0.001
0.001	0.425	0.573	0.001
>CCATTTTCTCTT	9-CCATTTTCTCTT	10.977962	-25.403471	0	T:22.0(1.18%),B:45.5(0.15%),P:1e-11	Tpos:51.6,Tstd:20.1,Bpos:46.2,Bstd:23.0,StrandBias:-1.4,Multiplicity:1.00
0.351	0.647	0.001	0.001
0.063	0.697	0.001	0.239
0.997	0.001	0.001	0.001
0.063	0.001	0.001	0.935
0.001	0.254	0.048	0.697
0.001	0.001	0.001	0.997
0.063	0.001	0.001	0.935
0.001	0.997	0.001	0.001
0.001	0.001	0.001	0.997
0.001	0.997	0.001	0.001
0.239	0.001	0.001	0.759
0.176	0.027	0.001	0.796
>CCWCAGTTCCTA	10-CCWCAGTTCCTA	12.989105	-24.487033	0	T:11.0(0.59%),B:4.7(0.02%),P:1e-10	Tpos:46.8,Tstd:26.7,Bpos:66.2,Bstd:16.9,StrandBias:0.8,Multiplicity:1.00
0.091	0.698	0.001	0.210
0.001	0.997	0.001	0.001
0.442	0.001	0.001	0.556
0.001	0.997	0.001	0.001
0.997	0.001	0.001	0.001
0.001	0.001	0.680	0.318
0.001	0.118	0.001	0.880
0.001	0.001	0.001	0.997
0.001	0.997	0.001	0.001
0.237	0.761	0.001	0.001
0.001	0.001	0.001	0.997
0.607	0.001	0.001	0.391
>GCAAGCAGGGTA	11-GCAAGCAGGGTA	10.409938	-24.270337	0	T:17.0(0.91%),B:24.8(0.08%),P:1e-10	Tpos:52.1,Tstd:22.1,Bpos:39.8,Bstd:25.8,StrandBias:-0.2,Multiplicity:1.00
0.077	0.001	0.845	0.077
0.016	0.846	0.137	0.001
0.689	0.233	0.077	0.001
0.921	0.077	0.001	0.001
0.001	0.154	0.844	0.001
0.077	0.845	0.001	0.077
0.844	0.001	0.001	0.154
0.215	0.078	0.647	0.060
0.004	0.001	0.994	0.001
0.077	0.077	0.845	0.001
0.155	0.060	0.078	0.707
0.997	0.001	0.001	0.001
>TGATTCATCTTT	12-TGATTCATCTTT	13.379587	-23.907418	0	T:12.0(0.64%),B:7.0(0.02%),P:1e-10	Tpos:47.8,Tstd:33.5,Bpos:38.4,Bstd:19.3,StrandBias:1.0,Multiplicity:1.00
0.001	0.001	0.001	0.997
0.001	0.001	0.997	0.001
0.997	0.001	0.001	0.001
0.001	0.001	0.121	0.877
0.001	0.121	0.001	0.877
0.001	0.997	0.001	0.001
0.905	0.093	0.001	0.001
0.094	0.001	0.122	0.783
0.001	0.997	0.001	0.001
0.001	0.001	0.001	0.997
0.001	0.199	0.001	0.799
0.001	0.001	0.121	0.877
>ACTTCTAATTAA	13-ACTTCTAATTAA	13.724986	-22.896936	0	T:8.0(0.43%),B:0.0(0.00%),P:1e-9	Tpos:60.8,Tstd:20.8,Bpos:0.0,Bstd:0.0,StrandBias:1.6,Multiplicity:1.00
0.997	0.001	0.001	0.001
0.124	0.874	0.001	0.001
0.001	0.001	0.001	0.997
0.001	0.001	0.124	0.874
0.001	0.874	0.124	0.001
0.124	0.001	0.001	0.874
0.874	0.124	0.001	0.001
0.997	0.001	0.001	0.001
0.124	0.001	0.001	0.874
0.001	0.001	0.124	0.874
0.997	0.001	0.001	0.001
0.997	0.001	0.001	0.001
>ATTCTGATTGTA	14-ATTCTGATTGTA	12.614944	-21.859281	0	T:9.0(0.48%),B:2.4(0.01%),P:1e-9	Tpos:55.3,Tstd:31.8,Bpos:45.5,Bstd:30.5,StrandBias:1.8,Multiplicity:1.00
0.997	0.001	0.001	0.001
0.001	0.001	0.001	0.997
0.001	0.001	0.222	0.776
0.001	0.997	0.001	0.001
0.001	0.001	0.001	0.997
0.001	0.001	0.997	0.001
0.731	0.001	0.001	0.267
0.001	0.001	0.001	0.997
0.001	0.001	0.001	0.997
0.001	0.001	0.997	0.001
0.001	0.001	0.311	0.687
0.997	0.001	0.001	0.001
>TKGGAAGAMAGG	15-TKGGAAGAMAGG	10.722781	-20.673283	0	T:27.0(1.45%),B:96.0(0.31%),P:1e-8	Tpos:56.9,Tstd:23.0,Bpos:48.7,Bstd:28.2,StrandBias:0.2,Multiplicity:1.00
0.250	0.060	0.036	0.654
0.057	0.001	0.483	0.459
0.046	0.001	0.875	0.078
0.103	0.001	0.779	0.117
0.925	0.064	0.010	0.001
0.927	0.001	0.033	0.039
0.001	0.001	0.997	0.001
0.501	0.152	0.308	0.039
0.525	0.404	0.070	0.001
0.875	0.001	0.085	0.039
0.133	0.001	0.865	0.001
0.087	0.007	0.828	0.078
>TCTATTCTATCC	16-TCTATTCTATCC	11.750352	-20.601168	0	T:14.0(0.75%),B:19.5(0.06%),P:1e-8	Tpos:57.8,Tstd:21.4,Bpos:47.8,Bstd:34.9,StrandBias:-0.6,Multiplicity:1.00
0.001	0.001	0.001	0.997
0.001	0.997	0.001	0.001
0.001	0.001	0.001	0.997
0.618	0.001	0.001	0.380
0.001	0.001	0.186	0.812
0.001	0.001	0.001	0.997
0.001	0.812	0.186	0.001
0.001	0.001	0.001	0.997
0.997	0.001	0.001	0.001
0.001	0.001	0.001	0.997
0.001	0.587	0.187	0.225
0.001	0.615	0.383	0.001
>TCTTCCCCMCAC	17-TCTTCCCCMCAC	9.236920	-18.920770	0	T:37.0(1.99%),B:187.3(0.61%),P:1e-8	Tpos:59.6,Tstd:24.5,Bpos:51.8,Bstd:25.0,StrandBias:-0.3,Multiplicity:1.05
0.001	0.005	0.290	0.704
0.001	0.928	0.070	0.001
0.055	0.141	0.001	0.803
0.049	0.119	0.077	0.755
0.021	0.741	0.001	0.237
0.021	0.977	0.001	0.001
0.055	0.735	0.001	0.209
0.101	0.763	0.001	0.135
0.528	0.447	0.024	0.001
0.101	0.843	0.028	0.028
0.702	0.144	0.028	0.126
0.104	0.756	0.139	0.001
>GSSGCKGCCSCG	18-GSSGCKGCCSCG	9.549902	-10.723405	0	T:11.0(0.59%),B:32.2(0.11%),P:1e-4	Tpos:53.2,Tstd:27.6,Bpos:57.0,Bstd:47.5,StrandBias:-0.8,Multiplicity:1.18
0.093	0.052	0.854	0.001
0.001	0.444	0.451	0.104
0.001	0.563	0.435	0.001
0.001	0.108	0.810	0.081
0.001	0.997	0.001	0.001
0.094	0.214	0.291	0.401
0.001	0.001	0.997	0.001
0.001	0.997	0.001	0.001
0.001	0.565	0.180	0.254
0.001	0.456	0.489	0.053
0.001	0.558	0.104	0.337
0.001	0.218	0.729	0.052
>TAGAAGGAAGAW	19-TAGAAGGAAGAW	12.131875	-9.881754	0	T:4.0(0.21%),B:2.0(0.01%),P:1e-4	Tpos:42.2,Tstd:33.2,Bpos:49.4,Bstd:26.9,StrandBias:1.6,Multiplicity:1.00
0.124	0.001	0.127	0.748
0.516	0.085	0.153	0.246
0.313	0.037	0.649	0.001
0.997	0.001	0.001	0.001
0.997	0.001	0.001	0.001
0.001	0.001	0.997	0.001
0.001	0.001	0.997	0.001
0.997	0.001	0.001	0.001
0.997	0.001	0.001	0.001
0.119	0.260	0.446	0.175
0.624	0.297	0.001	0.078
0.412	0.144	0.103	0.340
>AAGGAADGAAGG	20-AAGGAADGAAGG	7.847789	-9.799525	0	T:43.0(2.31%),B:356.1(1.16%),P:1e-4	Tpos:52.3,Tstd:24.8,Bpos:46.5,Bstd:26.4,StrandBias:0.5,Multiplicity:1.03
0.945	0.001	0.038	0.016
0.997	0.001	0.001	0.001
0.001	0.275	0.723	0.001
0.001	0.254	0.744	0.001
0.885	0.113	0.001	0.001
0.896	0.102	0.001	0.001
0.255	0.016	0.353	0.376
0.001	0.001	0.997	0.001
0.729	0.265	0.005	0.001
0.997	0.001	0.001	0.001
0.001	0.001	0.840	0.158
0.001	0.001	0.997	0.001
>AAATATATATAT	21-AAATATATATAT	12.327777	-9.242712	0	T:26.0(1.40%),B:176.2(0.58%),P:1e-4	Tpos:51.2,Tstd:23.1,Bpos:50.2,Bstd:24.8,StrandBias:1.1,Multiplicity:1.19
0.824	0.052	0.088	0.036
0.794	0.106	0.052	0.048
0.885	0.042	0.001	0.072
0.098	0.077	0.097	0.728
0.946	0.001	0.020	0.033
0.083	0.100	0.001	0.816
0.793	0.040	0.026	0.141
0.088	0.036	0.056	0.820
0.890	0.026	0.001	0.083
0.012	0.070	0.066	0.852
0.828	0.102	0.034	0.036
0.101	0.001	0.071	0.827
>GGAAGGGAGGAA	22-GGAAGGGAGGAA	12.922462	-7.141102	0	T:5.0(0.27%),B:9.8(0.03%),P:1e-3	Tpos:28.0,Tstd:19.4,Bpos:49.8,Bstd:24.0,StrandBias:10.0,Multiplicity:1.00
0.227	0.001	0.644	0.128
0.211	0.001	0.787	0.001
0.958	0.001	0.040	0.001
0.997	0.001	0.001	0.001
0.358	0.001	0.640	0.001
0.316	0.001	0.637	0.046
0.235	0.027	0.737	0.001
0.918	0.001	0.080	0.001
0.294	0.001	0.704	0.001
0.157	0.072	0.770	0.001
0.730	0.001	0.268	0.001
0.931	0.001	0.067	0.001
>CCATCCATCTAT	23-CCATCCATCTAT	11.439186	-5.833347	0	T:10.0(0.54%),B:53.8(0.18%),P:1e-2	Tpos:58.2,Tstd:20.2,Bpos:56.4,Bstd:23.1,StrandBias:-1.2,Multiplicity:1.00
0.004	0.739	0.079	0.178
0.001	0.993	0.005	0.001
0.617	0.102	0.001	0.280
0.001	0.001	0.079	0.919
0.003	0.613	0.207	0.177
0.100	0.894	0.001	0.005
0.887	0.003	0.003	0.107
0.055	0.005	0.100	0.840
0.001	0.991	0.001	0.007
0.001	0.034	0.001	0.964
0.608	0.159	0.101	0.132
0.102	0.002	0.001	0.895
>TGTGTGTGTGVG	24-TGTGTGTGTGVG	13.102732	-5.394496	0	T:15.0(0.81%),B:108.2(0.35%),P:1e-2	Tpos:47.1,Tstd:9.3,Bpos:47.9,Bstd:23.0,StrandBias:0.0,Multiplicity:1.00
0.001	0.228	0.001	0.770
0.184	0.001	0.813	0.002
0.001	0.001	0.091	0.907
0.001	0.001	0.997	0.001
0.001	0.001	0.001	0.997
0.001	0.001	0.928	0.070
0.001	0.001	0.001	0.997
0.001	0.001	0.997	0.001
0.125	0.284	0.125	0.466
0.001	0.001	0.953	0.045
0.330	0.242	0.334	0.094
0.001	0.097	0.857	0.045
>ATATACATATAC	25-ATATACATATAC	13.703792	-4.686639	0	T:7.0(0.38%),B:35.8(0.12%),P:1e-2	Tpos:51.1,Tstd:26.4,Bpos:51.5,Bstd:24.1,StrandBias:-2.1,Multiplicity:3.86
0.997	0.001	0.001	0.001
0.001	0.001	0.001	0.997
0.936	0.001	0.062	0.001
0.001	0.001	0.001	0.997
0.997	0.001	0.001	0.001
0.001	0.997	0.001	0.001
0.997	0.001	0.001	0.001
0.001	0.001	0.001	0.997
0.923	0.001	0.001	0.075
0.001	0.001	0.001	0.997
0.957	0.001	0.041	0.001
0.001	0.997	0.001	0.001
>CTTTTCAG	1-CTTTTCAG	6.018008	-30.046239	0	T:206.0(11.07%),B:1937.6(6.32%),P:1e-13	Tpos:51.3,Tstd:27.5,Bpos:49.7,Bstd:28.4,StrandBias:-0.3,Multiplicity:1.02
0.001	0.860	0.045	0.094
0.164	0.242	0.094	0.500
0.042	0.313	0.025	0.620
0.166	0.045	0.242	0.547
0.197	0.051	0.086	0.666
0.027	0.534	0.149	0.290
0.644	0.044	0.045	0.267
0.093	0.001	0.768	0.138
>GCGAGTCT	2-GCGAGTCT	6.992930	-18.307037	0	T:66.0(3.55%),B:483.3(1.58%),P:1e-7	Tpos:48.7,Tstd:22.8,Bpos:49.8,Bstd:29.2,StrandBias:0.4,Multiplicity:1.03
0.001	0.001	0.997	0.001
0.253	0.675	0.001	0.071
0.001	0.077	0.710	0.212
0.936	0.001	0.001	0.062
0.001	0.054	0.944	0.001
0.026	0.055	0.001	0.918
0.043	0.838	0.026	0.093
0.001	0.001	0.001	0.997
>GGGGGGGG	3-GGGGGGGG	5.716227	-12.384096	0	T:110.0(5.91%),B:1135.9(3.71%),P:1e-5	Tpos:53.2,Tstd:25.7,Bpos:50.3,Bstd:32.4,StrandBias:0.1,Multiplicity:1.15
0.198	0.045	0.516	0.241
0.241	0.021	0.637	0.101
0.127	0.021	0.668	0.184
0.145	0.016	0.600	0.239
0.050	0.010	0.762	0.178
0.001	0.015	0.757	0.227
0.136	0.177	0.638	0.049
0.206	0.240	0.404	0.150
>AATCAATA	4-AATCAATA	8.236954	-11.681221	0	T:24.0(1.29%),B:131.5(0.43%),P:1e-5	Tpos:52.5,Tstd:25.8,Bpos:52.4,Bstd:28.3,StrandBias:0.5,Multiplicity:1.00
0.700	0.100	0.100	0.100
0.700	0.100	0.100	0.100
0.100	0.100	0.100	0.700
0.100	0.700	0.100	0.100
0.700	0.100	0.100	0.100
0.700	0.100	0.100	0.100
0.100	0.100	0.100	0.700
0.700	0.100	0.100	0.100
>GAAAGGTC	5-GAAAGGTC	9.371053	-11.287202	0	T:25.0(1.34%),B:144.8(0.47%),P:1e-4	Tpos:52.8,Tstd:24.1,Bpos:48.2,Bstd:29.0,StrandBias:-0.3,Multiplicity:1.00
0.001	0.001	0.997	0.001
0.997	0.001	0.001	0.001
0.997	0.001	0.001	0.001
0.997	0.001	0.001	0.001
0.001	0.001	0.997	0.001
0.001	0.183	0.815	0.001
0.001	0.001	0.001	0.997
0.001	0.997	0.001	0.001
>TAGAAWAC	6-TAGAAWAC	7.231111	-10.627508	0	T:103.0(5.53%),B:1093.9(3.57%),P:1e-4	Tpos:52.4,Tstd:26.9,Bpos:50.6,Bstd:28.1,StrandBias:0.0,Multiplicity:1.17
0.001	0.001	0.105	0.893
0.652	0.048	0.187	0.113
0.001	0.001	0.997	0.001
0.876	0.001	0.122	0.001
0.637	0.001	0.129	0.233
0.449	0.001	0.001	0.549
0.955	0.043	0.001	0.001
0.001	0.583	0.415	0.001
>TTCCTTCC	7-TTCCTTCC	7.151769	-10.395973	0	T:180.0(9.67%),B:2165.7(7.07%),P:1e-4	Tpos:49.5,Tstd:26.4,Bpos:48.0,Bstd:28.0,StrandBias:-0.2,Multiplicity:1.68
0.001	0.110	0.001	0.888
0.001	0.001	0.234	0.764
0.366	0.632	0.001	0.001
0.175	0.823	0.001	0.001
0.001	0.001	0.001	0.997
0.329	0.001	0.001	0.669
0.001	0.997	0.001	0.001
0.317	0.670	0.012	0.001
