>AGGAACCTGC	1-AGGAACCTGC	8.236111	-23.527785	0	T:22.0(7.33%),B:376.4(1.22%),P:1e-10	Tpos:50.2,Tstd:24.9,Bpos:48.5,Bstd:28.3,StrandBias:-0.2,Multiplicity:1.05
0.941	0.001	0.057	0.001
0.001	0.001	0.888	0.110
0.036	0.001	0.962	0.001
0.676	0.139	0.053	0.132
0.748	0.110	0.093	0.049
0.206	0.740	0.018	0.036
0.032	0.804	0.046	0.118
0.072	0.001	0.037	0.890
0.038	0.130	0.801	0.031
0.177	0.558	0.162	0.103
>GCTGCCCCTC	2-GCTGCCCCTC	7.523886	-22.232254	0	T:28.0(9.33%),B:666.9(2.16%),P:1e-9	Tpos:52.7,Tstd:27.8,Bpos:50.1,Bstd:28.9,StrandBias:0.1,Multiplicity:1.04
0.076	0.091	0.752	0.081
0.057	0.886	0.056	0.001
0.159	0.001	0.001	0.839
0.001	0.088	0.670	0.241
0.052	0.736	0.093	0.119
0.115	0.841	0.043	0.001
0.001	0.953	0.001	0.045
0.153	0.745	0.001	0.101
0.125	0.045	0.001	0.829
0.136	0.762	0.073	0.029
>ATGATGGCTT	3-ATGATGGCTT	10.389617	-18.537085	0	T:12.0(4.00%),B:124.6(0.40%),P:1e-8	Tpos:58.2,Tstd:32.0,Bpos:54.9,Bstd:32.2,StrandBias:-0.5,Multiplicity:1.00
0.857	0.001	0.141	0.001
0.114	0.001	0.001	0.884
0.001	0.147	0.851	0.001
0.896	0.001	0.001	0.102
0.001	0.001	0.001	0.997
0.001	0.001	0.923	0.075
0.001	0.001	0.837	0.161
0.001	0.863	0.001	0.135
0.001	0.001	0.001	0.997
0.001	0.001	0.001	0.997
>AGCAGAATGG	4-AGCAGAATGG	7.483603	-18.207388	0	T:26.0(8.67%),B:703.0(2.28%),P:1e-7	Tpos:52.2,Tstd:26.5,Bpos:49.6,Bstd:27.5,StrandBias:0.9,Multiplicity:1.00
0.887	0.001	0.001	0.111
0.001	0.001	0.980	0.018
0.001	0.787	0.146	0.066
0.781	0.001	0.026	0.192
0.001	0.121	0.723	0.155
0.773	0.040	0.138	0.049
0.513	0.188	0.298	0.001
0.002	0.076	0.103	0.819
0.001	0.076	0.817	0.106
0.054	0.001	0.901	0.044
>CYCTHCTCTA	5-CYCTHCTCTA	8.587537	-15.552792	0	T:14.0(4.67%),B:237.5(0.77%),P:1e-6	Tpos:60.1,Tstd:24.3,Bpos:50.6,Bstd:24.3,StrandBias:1.6,Multiplicity:1.43
0.001	0.997	0.001	0.001
0.274	0.291	0.001	0.434
0.001	0.997	0.001	0.001
0.001	0.001	0.001	0.997
0.253	0.382	0.016	0.348
0.001	0.997	0.001	0.001
0.001	0.001	0.001	0.997
0.001	0.997	0.001	0.001
0.001	0.001	0.001	0.997
0.644	0.001	0.047	0.308
>CACCATCAGT	6-CACCATCAGT	13.565405	-13.940026	0	T:3.0(1.00%),B:0.9(0.00%),P:1e-6	Tpos:47.0,Tstd:14.2,Bpos:51.0,Bstd:0.0,StrandBias:1.0,Multiplicity:1.00
0.235	0.763	0.001	0.001
0.997	0.001	0.001	0.001
0.001	0.997	0.001	0.001
0.001	0.997	0.001	0.001
0.997	0.001	0.001	0.001
0.001	0.001	0.001	0.997
0.001	0.997	0.001	0.001
0.997	0.001	0.001	0.001
0.001	0.001	0.997	0.001
0.001	0.001	0.001	0.997
>GAAGAATGGA	7-GAAGAATGGA	8.264328	-13.184193	0	T:30.0(10.00%),B:1164.3(3.77%),P:1e-5	Tpos:49.3,Tstd:24.1,Bpos:48.0,Bstd:31.5,StrandBias:-1.3,Multiplicity:1.00
0.001	0.144	0.779	0.076
0.846	0.001	0.152	0.001
0.699	0.001	0.073	0.227
0.063	0.001	0.935	0.001
0.564	0.153	0.282	0.001
0.997	0.001	0.001	0.001
0.269	0.001	0.001	0.729
0.001	0.001	0.997	0.001
0.044	0.001	0.853	0.102
0.732	0.107	0.160	0.001
>WGAGTGACMC	8-WGAGTGACMC	7.864990	-10.733065	0	T:12.0(4.00%),B:271.1(0.88%),P:1e-4	Tpos:50.0,Tstd:21.8,Bpos:48.3,Bstd:22.8,StrandBias:1.1,Multiplicity:1.25
0.505	0.001	0.001	0.493
0.001	0.001	0.997	0.001
0.997	0.001	0.001	0.001
0.001	0.001	0.997	0.001
0.030	0.001	0.043	0.926
0.001	0.001	0.948	0.050
0.997	0.001	0.001	0.001
0.001	0.618	0.380	0.001
0.462	0.536	0.001	0.001
0.001	0.997	0.001	0.001
>TAATAGAMTA	9-TAATAGAMTA	12.081633	-9.202677	0	T:3.0(1.00%),B:7.9(0.03%),P:1e-3	Tpos:73.0,Tstd:24.4,Bpos:40.2,Bstd:20.6,StrandBias:1.0,Multiplicity:1.00
0.001	0.001	0.096	0.902
0.997	0.001	0.001	0.001
0.612	0.386	0.001	0.001
0.001	0.001	0.001	0.997
0.997	0.001	0.001	0.001
0.001	0.001	0.997	0.001
0.997	0.001	0.001	0.001
0.494	0.504	0.001	0.001
0.001	0.001	0.001	0.997
0.997	0.001	0.001	0.001
>TATATAGAKA	10-TATATAGAKA	10.574946	-8.278179	0	T:6.0(2.00%),B:85.6(0.28%),P:1e-3	Tpos:53.5,Tstd:18.6,Bpos:52.4,Bstd:26.2,StrandBias:0.0,Multiplicity:1.00
0.001	0.001	0.001	0.997
0.971	0.001	0.027	0.001
0.133	0.001	0.298	0.568
0.838	0.001	0.001	0.160
0.001	0.001	0.372	0.626
0.880	0.001	0.118	0.001
0.001	0.001	0.589	0.409
0.722	0.192	0.001	0.085
0.001	0.001	0.504	0.494
0.700	0.026	0.189	0.085
>AATAGAATAG	11-AATAGAATAG	11.307562	-6.023980	0	T:3.0(1.00%),B:26.0(0.08%),P:1e-2	Tpos:58.6,Tstd:23.9,Bpos:55.5,Bstd:33.7,StrandBias:3.8,Multiplicity:5.00
0.997	0.001	0.001	0.001
0.997	0.001	0.001	0.001
0.001	0.001	0.001	0.997
0.997	0.001	0.001	0.001
0.001	0.088	0.910	0.001
0.997	0.001	0.001	0.001
0.997	0.001	0.001	0.001
0.001	0.001	0.001	0.997
0.997	0.001	0.001	0.001
0.001	0.094	0.904	0.001
>TABATAGATA	12-TABATAGATA	9.742218	-4.118908	0	T:18.0(6.00%),B:1052.9(3.41%),P:1e-1	Tpos:64.2,Tstd:21.5,Bpos:48.2,Bstd:33.5,StrandBias:0.4,Multiplicity:1.35
0.001	0.001	0.001	0.997
0.997	0.001	0.001	0.001
0.001	0.285	0.398	0.316
0.905	0.001	0.093	0.001
0.001	0.001	0.001	0.997
0.714	0.284	0.001	0.001
0.001	0.001	0.802	0.196
0.543	0.362	0.094	0.001
0.001	0.001	0.001	0.997
0.756	0.001	0.242	0.001
>WGATGATSAT	13-WGATGATSAT	12.279743	-3.135090	0	T:3.0(1.00%),B:78.1(0.25%),P:1e-1	Tpos:25.2,Tstd:12.1,Bpos:47.1,Bstd:31.5,StrandBias:0.0,Multiplicity:1.00
0.552	0.001	0.001	0.446
0.001	0.001	0.997	0.001
0.997	0.001	0.001	0.001
0.001	0.001	0.001	0.997
0.001	0.001	0.997	0.001
0.997	0.001	0.001	0.001
0.001	0.001	0.001	0.997
0.001	0.498	0.381	0.120
0.997	0.001	0.001	0.001
0.001	0.001	0.001	0.997
