>AGGAACCTGC	1-AGGAACCTGC	8.236111	-23.527785	0	T:22.0(7.33%),B:376.4(1.22%),P:1e-10	Tpos:50.2,Tstd:24.9,Bpos:48.5,Bstd:28.3,StrandBias:-0.2,Multiplicity:1.05
0.941	0.001	0.057	0.001
0.001	0.001	0.888	0.110
0.036	0.001	0.962	0.001
0.676	0.139	0.053	0.132
0.748	0.110	0.093	0.049
0.206	0.740	0.018	0.036
0.032	0.804	0.046	0.118
0.072	0.001	0.037	0.890
0.038	0.130	0.801	0.031
0.177	0.558	0.162	0.103
>GCTGCCCCTC	2-GCTGCCCCTC	7.523886	-22.232254	0	T:28.0(9.33%),B:666.9(2.16%),P:1e-9	Tpos:52.7,Tstd:27.8,Bpos:50.1,Bstd:28.9,StrandBias:0.1,Multiplicity:1.04
0.076	0.091	0.752	0.081
0.057	0.886	0.056	0.001
0.159	0.001	0.001	0.839
0.001	0.088	0.670	0.241
0.052	0.736	0.093	0.119
0.115	0.841	0.043	0.001
0.001	0.953	0.001	0.045
0.153	0.745	0.001	0.101
0.125	0.045	0.001	0.829
0.136	0.762	0.073	0.029
>ATGATGGCTT	3-ATGATGGCTT	10.389617	-18.537085	0	T:12.0(4.00%),B:124.6(0.40%),P:1e-8	Tpos:58.2,Tstd:32.0,Bpos:54.9,Bstd:32.2,StrandBias:-0.5,Multiplicity:1.00
0.857	0.001	0.141	0.001
0.114	0.001	0.001	0.884
0.001	0.147	0.851	0.001
0.896	0.001	0.001	0.102
0.001	0.001	0.001	0.997
0.001	0.001	0.923	0.075
0.001	0.001	0.837	0.161
0.001	0.863	0.001	0.135
0.001	0.001	0.001	0.997
0.001	0.001	0.001	0.997
>AGCAGAATGG	4-AGCAGAATGG	7.483603	-18.207388	0	T:26.0(8.67%),B:703.0(2.28%),P:1e-7	Tpos:52.2,Tstd:26.5,Bpos:49.6,Bstd:27.5,StrandBias:0.9,Multiplicity:1.00
0.887	0.001	0.001	0.111
0.001	0.001	0.980	0.018
0.001	0.787	0.146	0.066
0.781	0.001	0.026	0.192
0.001	0.121	0.723	0.155
0.773	0.040	0.138	0.049
0.513	0.188	0.298	0.001
0.002	0.076	0.103	0.819
0.001	0.076	0.817	0.106
0.054	0.001	0.901	0.044
>CYCTHCTCTA	5-CYCTHCTCTA	8.587537	-15.552792	0	T:14.0(4.67%),B:237.5(0.77%),P:1e-6	Tpos:60.1,Tstd:24.3,Bpos:50.6,Bstd:24.3,StrandBias:1.6,Multiplicity:1.43
0.001	0.997	0.001	0.001
0.274	0.291	0.001	0.434
0.001	0.997	0.001	0.001
0.001	0.001	0.001	0.997
0.253	0.382	0.016	0.348
0.001	0.997	0.001	0.001
0.001	0.001	0.001	0.997
0.001	0.997	0.001	0.001
0.001	0.001	0.001	0.997
0.644	0.001	0.047	0.308
>CACCATCAGT	6-CACCATCAGT	13.565405	-13.940026	0	T:3.0(1.00%),B:0.9(0.00%),P:1e-6	Tpos:47.0,Tstd:14.2,Bpos:51.0,Bstd:0.0,StrandBias:1.0,Multiplicity:1.00
0.235	0.763	0.001	0.001
0.997	0.001	0.001	0.001
0.001	0.997	0.001	0.001
0.001	0.997	0.001	0.001
0.997	0.001	0.001	0.001
0.001	0.001	0.001	0.997
0.001	0.997	0.001	0.001
0.997	0.001	0.001	0.001
0.001	0.001	0.997	0.001
0.001	0.001	0.001	0.997
>GAAGAATGGA	7-GAAGAATGGA	8.264328	-13.184193	0	T:30.0(10.00%),B:1164.3(3.77%),P:1e-5	Tpos:49.3,Tstd:24.1,Bpos:48.0,Bstd:31.5,StrandBias:-1.3,Multiplicity:1.00
0.001	0.144	0.779	0.076
0.846	0.001	0.152	0.001
0.699	0.001	0.073	0.227
0.063	0.001	0.935	0.001
0.564	0.153	0.282	0.001
0.997	0.001	0.001	0.001
0.269	0.001	0.001	0.729
0.001	0.001	0.997	0.001
0.044	0.001	0.853	0.102
0.732	0.107	0.160	0.001
>WGAGTGACMC	8-WGAGTGACMC	7.864990	-10.733065	0	T:12.0(4.00%),B:271.1(0.88%),P:1e-4	Tpos:50.0,Tstd:21.8,Bpos:48.3,Bstd:22.8,StrandBias:1.1,Multiplicity:1.25
0.505	0.001	0.001	0.493
0.001	0.001	0.997	0.001
0.997	0.001	0.001	0.001
0.001	0.001	0.997	0.001
0.030	0.001	0.043	0.926
0.001	0.001	0.948	0.050
0.997	0.001	0.001	0.001
0.001	0.618	0.380	0.001
0.462	0.536	0.001	0.001
0.001	0.997	0.001	0.001
>TAATAGAMTA	9-TAATAGAMTA	12.081633	-9.202677	0	T:3.0(1.00%),B:7.9(0.03%),P:1e-3	Tpos:73.0,Tstd:24.4,Bpos:40.2,Bstd:20.6,StrandBias:1.0,Multiplicity:1.00
0.001	0.001	0.096	0.902
0.997	0.001	0.001	0.001
0.612	0.386	0.001	0.001
0.001	0.001	0.001	0.997
0.997	0.001	0.001	0.001
0.001	0.001	0.997	0.001
0.997	0.001	0.001	0.001
0.494	0.504	0.001	0.001
0.001	0.001	0.001	0.997
0.997	0.001	0.001	0.001
>TATATAGAKA	10-TATATAGAKA	10.574946	-8.278179	0	T:6.0(2.00%),B:85.6(0.28%),P:1e-3	Tpos:53.5,Tstd:18.6,Bpos:52.4,Bstd:26.2,StrandBias:0.0,Multiplicity:1.00
0.001	0.001	0.001	0.997
0.971	0.001	0.027	0.001
0.133	0.001	0.298	0.568
0.838	0.001	0.001	0.160
0.001	0.001	0.372	0.626
0.880	0.001	0.118	0.001
0.001	0.001	0.589	0.409
0.722	0.192	0.001	0.085
0.001	0.001	0.504	0.494
0.700	0.026	0.189	0.085
>AATAGAATAG	11-AATAGAATAG	11.307562	-6.023980	0	T:3.0(1.00%),B:26.0(0.08%),P:1e-2	Tpos:58.6,Tstd:23.9,Bpos:55.5,Bstd:33.7,StrandBias:3.8,Multiplicity:5.00
0.997	0.001	0.001	0.001
0.997	0.001	0.001	0.001
0.001	0.001	0.001	0.997
0.997	0.001	0.001	0.001
0.001	0.088	0.910	0.001
0.997	0.001	0.001	0.001
0.997	0.001	0.001	0.001
0.001	0.001	0.001	0.997
0.997	0.001	0.001	0.001
0.001	0.094	0.904	0.001
>TABATAGATA	12-TABATAGATA	9.742218	-4.118908	0	T:18.0(6.00%),B:1052.9(3.41%),P:1e-1	Tpos:64.2,Tstd:21.5,Bpos:48.2,Bstd:33.5,StrandBias:0.4,Multiplicity:1.35
0.001	0.001	0.001	0.997
0.997	0.001	0.001	0.001
0.001	0.285	0.398	0.316
0.905	0.001	0.093	0.001
0.001	0.001	0.001	0.997
0.714	0.284	0.001	0.001
0.001	0.001	0.802	0.196
0.543	0.362	0.094	0.001
0.001	0.001	0.001	0.997
0.756	0.001	0.242	0.001
>WGATGATSAT	13-WGATGATSAT	12.279743	-3.135090	0	T:3.0(1.00%),B:78.1(0.25%),P:1e-1	Tpos:25.2,Tstd:12.1,Bpos:47.1,Bstd:31.5,StrandBias:0.0,Multiplicity:1.00
0.552	0.001	0.001	0.446
0.001	0.001	0.997	0.001
0.997	0.001	0.001	0.001
0.001	0.001	0.001	0.997
0.001	0.001	0.997	0.001
0.997	0.001	0.001	0.001
0.001	0.001	0.001	0.997
0.001	0.498	0.381	0.120
0.997	0.001	0.001	0.001
0.001	0.001	0.001	0.997
>CAWTCAGRTTGG	1-CAWTCAGRTTGG	11.494453	-22.780467	0	T:7.0(2.33%),B:11.0(0.04%),P:1e-9	Tpos:61.7,Tstd:29.2,Bpos:45.9,Bstd:28.6,StrandBias:0.0,Multiplicity:1.00
0.176	0.647	0.001	0.176
0.997	0.001	0.001	0.001
0.538	0.001	0.001	0.460
0.001	0.001	0.001	0.997
0.001	0.823	0.175	0.001
0.714	0.001	0.001	0.284
0.001	0.176	0.498	0.325
0.498	0.001	0.352	0.150
0.389	0.001	0.001	0.609
0.001	0.001	0.001	0.997
0.001	0.001	0.997	0.001
0.001	0.001	0.997	0.001
>AAATTAATTTTT	2-AAATTAATTTTT	13.739342	-21.025216	0	T:7.0(2.33%),B:14.7(0.05%),P:1e-9	Tpos:36.9,Tstd:24.4,Bpos:52.1,Bstd:28.2,StrandBias:0.7,Multiplicity:1.00
0.832	0.166	0.001	0.001
0.997	0.001	0.001	0.001
0.997	0.001	0.001	0.001
0.001	0.001	0.001	0.997
0.001	0.001	0.001	0.997
0.857	0.141	0.001	0.001
0.857	0.001	0.001	0.141
0.127	0.001	0.001	0.871
0.127	0.001	0.001	0.871
0.001	0.001	0.001	0.997
0.166	0.001	0.001	0.832
0.001	0.001	0.001	0.997
>GAWCCTCCAACA	3-GAWCCTCCAACA	11.531855	-20.650473	0	T:7.0(2.33%),B:15.4(0.05%),P:1e-8	Tpos:61.3,Tstd:19.9,Bpos:48.6,Bstd:28.0,StrandBias:-0.4,Multiplicity:1.00
0.001	0.001	0.997	0.001
0.677	0.321	0.001	0.001
0.482	0.001	0.001	0.516
0.001	0.838	0.001	0.160
0.001	0.997	0.001	0.001
0.001	0.001	0.001	0.997
0.186	0.649	0.164	0.001
0.001	0.997	0.001	0.001
0.652	0.161	0.001	0.186
0.514	0.001	0.324	0.161
0.161	0.507	0.001	0.331
0.997	0.001	0.001	0.001
>GGTCAAAGGCTT	4-GGTCAAAGGCTT	10.574691	-17.489607	0	T:8.0(2.67%),B:42.3(0.14%),P:1e-7	Tpos:56.8,Tstd:28.4,Bpos:44.7,Bstd:35.0,StrandBias:0.7,Multiplicity:1.00
0.147	0.001	0.847	0.005
0.001	0.147	0.601	0.251
0.011	0.001	0.001	0.987
0.147	0.705	0.147	0.001
0.601	0.147	0.001	0.251
0.725	0.001	0.273	0.001
0.862	0.012	0.001	0.125
0.295	0.001	0.673	0.031
0.147	0.001	0.851	0.001
0.001	0.997	0.001	0.001
0.001	0.147	0.001	0.851
0.001	0.001	0.001	0.997
>AGAACTCATTGT	5-AGAACTCATTGT	10.275338	-14.678007	0	T:8.0(2.67%),B:63.3(0.21%),P:1e-6	Tpos:50.1,Tstd:28.9,Bpos:51.0,Bstd:22.1,StrandBias:0.0,Multiplicity:1.00
0.981	0.001	0.001	0.017
0.325	0.001	0.673	0.001
0.673	0.001	0.001	0.325
0.997	0.001	0.001	0.001
0.001	0.997	0.001	0.001
0.325	0.001	0.001	0.673
0.001	0.721	0.001	0.277
0.721	0.001	0.001	0.277
0.001	0.001	0.017	0.981
0.001	0.001	0.325	0.673
0.001	0.001	0.981	0.017
0.001	0.001	0.001	0.997
>GATGATTAYWAT	6-GATGATTAYWAT	11.111521	-13.795178	0	T:4.0(1.33%),B:5.1(0.02%),P:1e-5	Tpos:46.2,Tstd:25.3,Bpos:47.2,Bstd:25.6,StrandBias:10.0,Multiplicity:1.00
0.001	0.001	0.997	0.001
0.971	0.027	0.001	0.001
0.179	0.001	0.001	0.819
0.001	0.179	0.819	0.001
0.631	0.180	0.180	0.009
0.008	0.001	0.388	0.603
0.001	0.179	0.181	0.639
0.758	0.001	0.062	0.179
0.180	0.432	0.028	0.360
0.359	0.001	0.180	0.460
0.937	0.001	0.001	0.061
0.001	0.001	0.179	0.819
>YTTVCTTTCTTA	7-YTTVCTTTCTTA	9.518142	-11.195964	0	T:16.0(5.33%),B:450.2(1.46%),P:1e-4	Tpos:44.9,Tstd:26.7,Bpos:52.0,Bstd:28.3,StrandBias:-0.4,Multiplicity:1.00
0.001	0.435	0.001	0.563
0.001	0.014	0.001	0.984
0.001	0.151	0.001	0.847
0.334	0.306	0.230	0.129
0.001	0.986	0.001	0.012
0.381	0.001	0.001	0.617
0.319	0.001	0.152	0.528
0.001	0.001	0.144	0.854
0.001	0.687	0.311	0.001
0.001	0.001	0.151	0.847
0.001	0.001	0.001	0.997
0.585	0.413	0.001	0.001
>AAGCCTGTATGG	8-AAGCCTGTATGG	9.241954	-9.576428	0	T:6.0(2.00%),B:66.0(0.21%),P:1e-4	Tpos:40.0,Tstd:20.8,Bpos:47.8,Bstd:31.2,StrandBias:2.3,Multiplicity:1.00
0.997	0.001	0.001	0.001
0.971	0.001	0.001	0.027
0.359	0.001	0.639	0.001
0.001	0.636	0.362	0.001
0.253	0.745	0.001	0.001
0.001	0.001	0.001	0.997
0.237	0.001	0.761	0.001
0.001	0.001	0.362	0.636
0.997	0.001	0.001	0.001
0.001	0.001	0.001	0.997
0.228	0.001	0.770	0.001
0.001	0.001	0.997	0.001
>TATATATAGCTA	9-TATATATAGCTA	14.228569	-7.006621	0	T:2.0(0.67%),B:3.9(0.01%),P:1e-3	Tpos:35.7,Tstd:7.1,Bpos:76.6,Bstd:21.2,StrandBias:1.0,Multiplicity:1.00
0.001	0.001	0.001	0.997
0.806	0.001	0.001	0.192
0.001	0.001	0.001	0.997
0.806	0.001	0.192	0.001
0.001	0.001	0.001	0.997
0.997	0.001	0.001	0.001
0.001	0.001	0.001	0.997
0.997	0.001	0.001	0.001
0.001	0.001	0.834	0.164
0.136	0.715	0.001	0.148
0.001	0.001	0.001	0.997
0.997	0.001	0.001	0.001
>CTCTTCTTTTST	10-CTCTTCTTTTST	10.122097	-6.667070	0	T:10.0(3.33%),B:314.8(1.02%),P:1e-2	Tpos:59.3,Tstd:21.9,Bpos:49.7,Bstd:26.5,StrandBias:3.5,Multiplicity:1.10
0.001	0.997	0.001	0.001
0.001	0.001	0.001	0.997
0.001	0.580	0.001	0.418
0.001	0.226	0.001	0.772
0.191	0.005	0.001	0.803
0.001	0.807	0.191	0.001
0.001	0.001	0.001	0.997
0.001	0.388	0.001	0.610
0.001	0.227	0.191	0.581
0.005	0.001	0.383	0.611
0.191	0.424	0.383	0.001
0.001	0.001	0.001	0.997
>GTGKGBGGGGGG	11-GTGKGBGGGGGG	5.681816	-5.360448	0	T:26.0(8.67%),B:1530.6(4.96%),P:1e-2	Tpos:53.0,Tstd:19.1,Bpos:49.9,Bstd:29.7,StrandBias:-0.5,Multiplicity:1.08
0.196	0.001	0.802	0.001
0.001	0.111	0.078	0.810
0.001	0.110	0.888	0.001
0.001	0.223	0.420	0.356
0.001	0.001	0.997	0.001
0.001	0.245	0.387	0.367
0.001	0.001	0.997	0.001
0.001	0.233	0.611	0.155
0.001	0.001	0.914	0.084
0.001	0.111	0.633	0.255
0.001	0.222	0.776	0.001
0.011	0.111	0.767	0.111
>TAGAATAAAATA	12-TAGAATAAAATA	15.209105	-4.718818	0	T:2.0(0.67%),B:13.1(0.04%),P:1e-2	Tpos:66.7,Tstd:17.1,Bpos:56.7,Bstd:31.3,StrandBias:3.6,Multiplicity:1.00
0.001	0.001	0.001	0.997
0.963	0.035	0.001	0.001
0.001	0.001	0.997	0.001
0.997	0.001	0.001	0.001
0.997	0.001	0.001	0.001
0.001	0.001	0.001	0.997
0.997	0.001	0.001	0.001
0.741	0.001	0.257	0.001
0.997	0.001	0.001	0.001
0.997	0.001	0.001	0.001
0.001	0.001	0.001	0.997
0.997	0.001	0.001	0.001
>ACVCCGGTTCCG	13-ACVCCGGTTCCG	14.695947	-4.643365	0	T:1.0(0.33%),B:0.0(0.00%),P:1e-2	Tpos:44.5,Tstd:7.5,Bpos:0.0,Bstd:0.0,StrandBias:10.0,Multiplicity:2.00
0.997	0.001	0.001	0.001
0.001	0.997	0.001	0.001
0.333	0.333	0.333	0.001
0.001	0.997	0.001	0.001
0.001	0.666	0.001	0.332
0.001	0.001	0.997	0.001
0.001	0.001	0.997	0.001
0.001	0.001	0.001	0.997
0.001	0.001	0.001	0.997
0.001	0.997	0.001	0.001
0.001	0.997	0.001	0.001
0.001	0.001	0.666	0.332
>TYCCTCCYTCCC	14-TYCCTCCYTCCC	5.419930	-3.704569	0	T:116.0(38.67%),B:10211.3(33.08%),P:1e-1	Tpos:49.3,Tstd:25.7,Bpos:51.2,Bstd:29.0,StrandBias:0.9,Multiplicity:1.25
0.068	0.264	0.217	0.450
0.017	0.387	0.216	0.379
0.045	0.774	0.050	0.131
0.095	0.600	0.001	0.304
0.032	0.120	0.011	0.837
0.027	0.503	0.142	0.328
0.143	0.540	0.034	0.283
0.017	0.444	0.017	0.522
0.024	0.159	0.065	0.752
0.017	0.561	0.012	0.410
0.017	0.608	0.001	0.374
0.067	0.570	0.019	0.344
>ATGGATGGATGG	15-ATGGATGGATGG	16.457218	-3.539616	0	T:3.0(1.00%),B:66.2(0.21%),P:1e-1	Tpos:46.3,Tstd:25.2,Bpos:52.2,Bstd:31.9,StrandBias:-0.1,Multiplicity:1.00
0.997	0.001	0.001	0.001
0.001	0.001	0.001	0.997
0.098	0.001	0.900	0.001
0.001	0.001	0.997	0.001
0.997	0.001	0.001	0.001
0.001	0.001	0.001	0.997
0.001	0.001	0.997	0.001
0.001	0.001	0.997	0.001
0.997	0.001	0.001	0.001
0.001	0.001	0.001	0.997
0.040	0.001	0.958	0.001
0.001	0.001	0.997	0.001
>TCTTTCTTTCTT	16-TCTTTCTTTCTT	6.254929	-2.488636	0	T:81.0(27.00%),B:7224.7(23.40%),P:1e-1	Tpos:50.5,Tstd:23.6,Bpos:52.0,Bstd:30.7,StrandBias:-0.5,Multiplicity:1.06
0.055	0.031	0.057	0.857
0.076	0.709	0.112	0.103
0.141	0.057	0.001	0.801
0.182	0.057	0.145	0.616
0.031	0.062	0.031	0.876
0.161	0.614	0.135	0.090
0.119	0.035	0.093	0.753
0.124	0.001	0.079	0.796
0.034	0.049	0.154	0.763
0.093	0.673	0.112	0.122
0.054	0.057	0.062	0.827
0.140	0.031	0.107	0.722
>AGAGGCTA	1-AGAGGCTA	8.397286	-14.810498	0	T:11.0(3.67%),B:145.7(0.47%),P:1e-6	Tpos:54.5,Tstd:24.5,Bpos:46.9,Bstd:26.5,StrandBias:0.3,Multiplicity:1.00
0.997	0.001	0.001	0.001
0.001	0.001	0.997	0.001
0.910	0.001	0.088	0.001
0.001	0.215	0.783	0.001
0.001	0.001	0.997	0.001
0.001	0.997	0.001	0.001
0.001	0.001	0.001	0.997
0.997	0.001	0.001	0.001
>GTTGTGCC	2-GTTGTGCC	7.251100	-10.077765	0	T:24.0(8.00%),B:974.6(3.16%),P:1e-4	Tpos:55.9,Tstd:25.7,Bpos:48.9,Bstd:32.1,StrandBias:0.8,Multiplicity:1.04
0.001	0.085	0.913	0.001
0.001	0.251	0.001	0.747
0.295	0.001	0.001	0.703
0.001	0.059	0.796	0.144
0.001	0.001	0.001	0.997
0.001	0.001	0.900	0.098
0.001	0.935	0.063	0.001
0.001	0.997	0.001	0.001
>TCTATTCT	3-TCTATTCT	7.886168	-6.669155	0	T:18.0(6.00%),B:813.8(2.64%),P:1e-2	Tpos:63.0,Tstd:24.8,Bpos:49.8,Bstd:27.6,StrandBias:0.0,Multiplicity:2.11
0.001	0.001	0.001	0.997
0.001	0.997	0.001	0.001
0.001	0.001	0.001	0.997
0.826	0.172	0.001	0.001
0.001	0.001	0.061	0.937
0.001	0.001	0.001	0.997
0.102	0.896	0.001	0.001
0.001	0.001	0.088	0.910
>TATAKAGA	4-TATAKAGA	9.653267	-4.941062	0	T:6.0(2.00%),B:169.9(0.55%),P:1e-2	Tpos:55.7,Tstd:14.2,Bpos:51.5,Bstd:27.5,StrandBias:0.0,Multiplicity:1.00
0.001	0.001	0.001	0.997
0.997	0.001	0.001	0.001
0.001	0.001	0.347	0.651
0.758	0.001	0.240	0.001
0.001	0.001	0.571	0.427
0.997	0.001	0.001	0.001
0.001	0.001	0.967	0.031
0.880	0.118	0.001	0.001
>GAASKAWG	5-GAASKAWG	5.013454	-4.292381	0	T:43.0(14.33%),B:3129.8(10.14%),P:1e-1	Tpos:49.3,Tstd:24.9,Bpos:48.8,Bstd:31.0,StrandBias:-0.9,Multiplicity:2.53
0.001	0.001	0.942	0.056
0.633	0.018	0.241	0.108
0.534	0.113	0.075	0.278
0.162	0.299	0.403	0.135
0.193	0.200	0.367	0.240
0.519	0.188	0.111	0.182
0.380	0.066	0.165	0.390
0.001	0.054	0.599	0.346
