>CAGAAATCATAC	3-CAGAAATCATAC	10.267300	-24.679139	0	T:22.0(1.32%),B:54.0(0.18%),P:1e-10
0.150	0.774	0.001	0.075
0.679	0.001	0.001	0.319
0.001	0.074	0.924	0.001
0.919	0.075	0.001	0.005
0.688	0.001	0.231	0.080
0.684	0.001	0.314	0.001
0.001	0.001	0.074	0.924
0.001	0.924	0.074	0.001
0.924	0.001	0.001	0.074
0.075	0.075	0.079	0.771
0.919	0.005	0.001	0.075
0.001	0.604	0.005	0.390
