>ATCAAACAGTTG	19-ATCAAACAGTTG	9.351251	-15.331341	0	T:22.0(1.32%),B:99.7(0.33%),P:1e-6
0.930	0.068	0.001	0.001
0.277	0.138	0.001	0.584
0.069	0.807	0.123	0.001
0.930	0.068	0.001	0.001
0.930	0.001	0.068	0.001
0.723	0.139	0.069	0.069
0.053	0.877	0.069	0.001
0.930	0.068	0.001	0.001
0.001	0.192	0.684	0.123
0.054	0.005	0.008	0.933
0.123	0.001	0.005	0.871
0.053	0.001	0.823	0.123
