>AAGAAAGAAAGA	16-TCTTTCTTTCTT	6.254929	-2.488636	0	T:81.0(27.00%),B:7224.7(23.40%),P:1e-1
0.722	0.107	0.031	0.140
0.827	0.062	0.057	0.054
0.122	0.112	0.673	0.093
0.763	0.154	0.049	0.034
0.796	0.079	0.001	0.124
0.753	0.093	0.035	0.119
0.090	0.135	0.614	0.161
0.876	0.031	0.062	0.031
0.616	0.145	0.057	0.182
0.801	0.001	0.057	0.141
0.103	0.112	0.709	0.076
0.857	0.057	0.031	0.055
