>TYCCTCCYTCCC	14-TYCCTCCYTCCC	5.419930	-3.704569	0	T:116.0(38.67%),B:10211.3(33.08%),P:1e-1
0.068	0.264	0.217	0.450
0.017	0.387	0.216	0.379
0.045	0.774	0.050	0.131
0.095	0.600	0.001	0.304
0.032	0.120	0.011	0.837
0.027	0.503	0.142	0.328
0.143	0.540	0.034	0.283
0.017	0.444	0.017	0.522
0.024	0.159	0.065	0.752
0.017	0.561	0.012	0.410
0.017	0.608	0.001	0.374
0.067	0.570	0.019	0.344
