>CTTGGGCATTTC	5-GAAATGCCCAAG	9.977668	-28.293640	0	T:24.0(1.29%),B:48.0(0.16%),P:1e-12
0.052	0.698	0.094	0.156
0.104	0.052	0.001	0.843
0.001	0.052	0.156	0.791
0.094	0.052	0.853	0.001
0.001	0.052	0.855	0.092
0.092	0.092	0.764	0.052
0.052	0.816	0.092	0.040
0.855	0.104	0.001	0.040
0.001	0.104	0.092	0.803
0.001	0.051	0.001	0.947
0.001	0.001	0.091	0.907
0.001	0.895	0.103	0.001
