>CAWTCAGRTTGG	1-CAWTCAGRTTGG	11.494453	-22.780467	0	T:7.0(2.33%),B:11.0(0.04%),P:1e-9	Tpos:61.7,Tstd:29.2,Bpos:45.9,Bstd:28.6,StrandBias:0.0,Multiplicity:1.00
0.176	0.647	0.001	0.176
0.997	0.001	0.001	0.001
0.538	0.001	0.001	0.460
0.001	0.001	0.001	0.997
0.001	0.823	0.175	0.001
0.714	0.001	0.001	0.284
0.001	0.176	0.498	0.325
0.498	0.001	0.352	0.150
0.389	0.001	0.001	0.609
0.001	0.001	0.001	0.997
0.001	0.001	0.997	0.001
0.001	0.001	0.997	0.001
>AAATTAATTTTT	2-AAATTAATTTTT	13.739342	-21.025216	0	T:7.0(2.33%),B:14.7(0.05%),P:1e-9	Tpos:36.9,Tstd:24.4,Bpos:52.1,Bstd:28.2,StrandBias:0.7,Multiplicity:1.00
0.832	0.166	0.001	0.001
0.997	0.001	0.001	0.001
0.997	0.001	0.001	0.001
0.001	0.001	0.001	0.997
0.001	0.001	0.001	0.997
0.857	0.141	0.001	0.001
0.857	0.001	0.001	0.141
0.127	0.001	0.001	0.871
0.127	0.001	0.001	0.871
0.001	0.001	0.001	0.997
0.166	0.001	0.001	0.832
0.001	0.001	0.001	0.997
>GAWCCTCCAACA	3-GAWCCTCCAACA	11.531855	-20.650473	0	T:7.0(2.33%),B:15.4(0.05%),P:1e-8	Tpos:61.3,Tstd:19.9,Bpos:48.6,Bstd:28.0,StrandBias:-0.4,Multiplicity:1.00
0.001	0.001	0.997	0.001
0.677	0.321	0.001	0.001
0.482	0.001	0.001	0.516
0.001	0.838	0.001	0.160
0.001	0.997	0.001	0.001
0.001	0.001	0.001	0.997
0.186	0.649	0.164	0.001
0.001	0.997	0.001	0.001
0.652	0.161	0.001	0.186
0.514	0.001	0.324	0.161
0.161	0.507	0.001	0.331
0.997	0.001	0.001	0.001
>GGTCAAAGGCTT	4-GGTCAAAGGCTT	10.574691	-17.489607	0	T:8.0(2.67%),B:42.3(0.14%),P:1e-7	Tpos:56.8,Tstd:28.4,Bpos:44.7,Bstd:35.0,StrandBias:0.7,Multiplicity:1.00
0.147	0.001	0.847	0.005
0.001	0.147	0.601	0.251
0.011	0.001	0.001	0.987
0.147	0.705	0.147	0.001
0.601	0.147	0.001	0.251
0.725	0.001	0.273	0.001
0.862	0.012	0.001	0.125
0.295	0.001	0.673	0.031
0.147	0.001	0.851	0.001
0.001	0.997	0.001	0.001
0.001	0.147	0.001	0.851
0.001	0.001	0.001	0.997
>AGAACTCATTGT	5-AGAACTCATTGT	10.275338	-14.678007	0	T:8.0(2.67%),B:63.3(0.21%),P:1e-6	Tpos:50.1,Tstd:28.9,Bpos:51.0,Bstd:22.1,StrandBias:0.0,Multiplicity:1.00
0.981	0.001	0.001	0.017
0.325	0.001	0.673	0.001
0.673	0.001	0.001	0.325
0.997	0.001	0.001	0.001
0.001	0.997	0.001	0.001
0.325	0.001	0.001	0.673
0.001	0.721	0.001	0.277
0.721	0.001	0.001	0.277
0.001	0.001	0.017	0.981
0.001	0.001	0.325	0.673
0.001	0.001	0.981	0.017
0.001	0.001	0.001	0.997
>GATGATTAYWAT	6-GATGATTAYWAT	11.111521	-13.795178	0	T:4.0(1.33%),B:5.1(0.02%),P:1e-5	Tpos:46.2,Tstd:25.3,Bpos:47.2,Bstd:25.6,StrandBias:10.0,Multiplicity:1.00
0.001	0.001	0.997	0.001
0.971	0.027	0.001	0.001
0.179	0.001	0.001	0.819
0.001	0.179	0.819	0.001
0.631	0.180	0.180	0.009
0.008	0.001	0.388	0.603
0.001	0.179	0.181	0.639
0.758	0.001	0.062	0.179
0.180	0.432	0.028	0.360
0.359	0.001	0.180	0.460
0.937	0.001	0.001	0.061
0.001	0.001	0.179	0.819
>YTTVCTTTCTTA	7-YTTVCTTTCTTA	9.518142	-11.195964	0	T:16.0(5.33%),B:450.2(1.46%),P:1e-4	Tpos:44.9,Tstd:26.7,Bpos:52.0,Bstd:28.3,StrandBias:-0.4,Multiplicity:1.00
0.001	0.435	0.001	0.563
0.001	0.014	0.001	0.984
0.001	0.151	0.001	0.847
0.334	0.306	0.230	0.129
0.001	0.986	0.001	0.012
0.381	0.001	0.001	0.617
0.319	0.001	0.152	0.528
0.001	0.001	0.144	0.854
0.001	0.687	0.311	0.001
0.001	0.001	0.151	0.847
0.001	0.001	0.001	0.997
0.585	0.413	0.001	0.001
>AAGCCTGTATGG	8-AAGCCTGTATGG	9.241954	-9.576428	0	T:6.0(2.00%),B:66.0(0.21%),P:1e-4	Tpos:40.0,Tstd:20.8,Bpos:47.8,Bstd:31.2,StrandBias:2.3,Multiplicity:1.00
0.997	0.001	0.001	0.001
0.971	0.001	0.001	0.027
0.359	0.001	0.639	0.001
0.001	0.636	0.362	0.001
0.253	0.745	0.001	0.001
0.001	0.001	0.001	0.997
0.237	0.001	0.761	0.001
0.001	0.001	0.362	0.636
0.997	0.001	0.001	0.001
0.001	0.001	0.001	0.997
0.228	0.001	0.770	0.001
0.001	0.001	0.997	0.001
>TATATATAGCTA	9-TATATATAGCTA	14.228569	-7.006621	0	T:2.0(0.67%),B:3.9(0.01%),P:1e-3	Tpos:35.7,Tstd:7.1,Bpos:76.6,Bstd:21.2,StrandBias:1.0,Multiplicity:1.00
0.001	0.001	0.001	0.997
0.806	0.001	0.001	0.192
0.001	0.001	0.001	0.997
0.806	0.001	0.192	0.001
0.001	0.001	0.001	0.997
0.997	0.001	0.001	0.001
0.001	0.001	0.001	0.997
0.997	0.001	0.001	0.001
0.001	0.001	0.834	0.164
0.136	0.715	0.001	0.148
0.001	0.001	0.001	0.997
0.997	0.001	0.001	0.001
>CTCTTCTTTTST	10-CTCTTCTTTTST	10.122097	-6.667070	0	T:10.0(3.33%),B:314.8(1.02%),P:1e-2	Tpos:59.3,Tstd:21.9,Bpos:49.7,Bstd:26.5,StrandBias:3.5,Multiplicity:1.10
0.001	0.997	0.001	0.001
0.001	0.001	0.001	0.997
0.001	0.580	0.001	0.418
0.001	0.226	0.001	0.772
0.191	0.005	0.001	0.803
0.001	0.807	0.191	0.001
0.001	0.001	0.001	0.997
0.001	0.388	0.001	0.610
0.001	0.227	0.191	0.581
0.005	0.001	0.383	0.611
0.191	0.424	0.383	0.001
0.001	0.001	0.001	0.997
>GTGKGBGGGGGG	11-GTGKGBGGGGGG	5.681816	-5.360448	0	T:26.0(8.67%),B:1530.6(4.96%),P:1e-2	Tpos:53.0,Tstd:19.1,Bpos:49.9,Bstd:29.7,StrandBias:-0.5,Multiplicity:1.08
0.196	0.001	0.802	0.001
0.001	0.111	0.078	0.810
0.001	0.110	0.888	0.001
0.001	0.223	0.420	0.356
0.001	0.001	0.997	0.001
0.001	0.245	0.387	0.367
0.001	0.001	0.997	0.001
0.001	0.233	0.611	0.155
0.001	0.001	0.914	0.084
0.001	0.111	0.633	0.255
0.001	0.222	0.776	0.001
0.011	0.111	0.767	0.111
>TAGAATAAAATA	12-TAGAATAAAATA	15.209105	-4.718818	0	T:2.0(0.67%),B:13.1(0.04%),P:1e-2	Tpos:66.7,Tstd:17.1,Bpos:56.7,Bstd:31.3,StrandBias:3.6,Multiplicity:1.00
0.001	0.001	0.001	0.997
0.963	0.035	0.001	0.001
0.001	0.001	0.997	0.001
0.997	0.001	0.001	0.001
0.997	0.001	0.001	0.001
0.001	0.001	0.001	0.997
0.997	0.001	0.001	0.001
0.741	0.001	0.257	0.001
0.997	0.001	0.001	0.001
0.997	0.001	0.001	0.001
0.001	0.001	0.001	0.997
0.997	0.001	0.001	0.001
>ACVCCGGTTCCG	13-ACVCCGGTTCCG	14.695947	-4.643365	0	T:1.0(0.33%),B:0.0(0.00%),P:1e-2	Tpos:44.5,Tstd:7.5,Bpos:0.0,Bstd:0.0,StrandBias:10.0,Multiplicity:2.00
0.997	0.001	0.001	0.001
0.001	0.997	0.001	0.001
0.333	0.333	0.333	0.001
0.001	0.997	0.001	0.001
0.001	0.666	0.001	0.332
0.001	0.001	0.997	0.001
0.001	0.001	0.997	0.001
0.001	0.001	0.001	0.997
0.001	0.001	0.001	0.997
0.001	0.997	0.001	0.001
0.001	0.997	0.001	0.001
0.001	0.001	0.666	0.332
>TYCCTCCYTCCC	14-TYCCTCCYTCCC	5.419930	-3.704569	0	T:116.0(38.67%),B:10211.3(33.08%),P:1e-1	Tpos:49.3,Tstd:25.7,Bpos:51.2,Bstd:29.0,StrandBias:0.9,Multiplicity:1.25
0.068	0.264	0.217	0.450
0.017	0.387	0.216	0.379
0.045	0.774	0.050	0.131
0.095	0.600	0.001	0.304
0.032	0.120	0.011	0.837
0.027	0.503	0.142	0.328
0.143	0.540	0.034	0.283
0.017	0.444	0.017	0.522
0.024	0.159	0.065	0.752
0.017	0.561	0.012	0.410
0.017	0.608	0.001	0.374
0.067	0.570	0.019	0.344
>ATGGATGGATGG	15-ATGGATGGATGG	16.457218	-3.539616	0	T:3.0(1.00%),B:66.2(0.21%),P:1e-1	Tpos:46.3,Tstd:25.2,Bpos:52.2,Bstd:31.9,StrandBias:-0.1,Multiplicity:1.00
0.997	0.001	0.001	0.001
0.001	0.001	0.001	0.997
0.098	0.001	0.900	0.001
0.001	0.001	0.997	0.001
0.997	0.001	0.001	0.001
0.001	0.001	0.001	0.997
0.001	0.001	0.997	0.001
0.001	0.001	0.997	0.001
0.997	0.001	0.001	0.001
0.001	0.001	0.001	0.997
0.040	0.001	0.958	0.001
0.001	0.001	0.997	0.001
>TCTTTCTTTCTT	16-TCTTTCTTTCTT	6.254929	-2.488636	0	T:81.0(27.00%),B:7224.7(23.40%),P:1e-1	Tpos:50.5,Tstd:23.6,Bpos:52.0,Bstd:30.7,StrandBias:-0.5,Multiplicity:1.06
0.055	0.031	0.057	0.857
0.076	0.709	0.112	0.103
0.141	0.057	0.001	0.801
0.182	0.057	0.145	0.616
0.031	0.062	0.031	0.876
0.161	0.614	0.135	0.090
0.119	0.035	0.093	0.753
0.124	0.001	0.079	0.796
0.034	0.049	0.154	0.763
0.093	0.673	0.112	0.122
0.054	0.057	0.062	0.827
0.140	0.031	0.107	0.722
