>AGAGGCTA	1-AGAGGCTA	8.397286	-14.810498	0	T:11.0(3.67%),B:145.7(0.47%),P:1e-6	Tpos:54.5,Tstd:24.5,Bpos:46.9,Bstd:26.5,StrandBias:0.3,Multiplicity:1.00
0.997	0.001	0.001	0.001
0.001	0.001	0.997	0.001
0.910	0.001	0.088	0.001
0.001	0.215	0.783	0.001
0.001	0.001	0.997	0.001
0.001	0.997	0.001	0.001
0.001	0.001	0.001	0.997
0.997	0.001	0.001	0.001
>GTTGTGCC	2-GTTGTGCC	7.251100	-10.077765	0	T:24.0(8.00%),B:974.6(3.16%),P:1e-4	Tpos:55.9,Tstd:25.7,Bpos:48.9,Bstd:32.1,StrandBias:0.8,Multiplicity:1.04
0.001	0.085	0.913	0.001
0.001	0.251	0.001	0.747
0.295	0.001	0.001	0.703
0.001	0.059	0.796	0.144
0.001	0.001	0.001	0.997
0.001	0.001	0.900	0.098
0.001	0.935	0.063	0.001
0.001	0.997	0.001	0.001
>TCTATTCT	3-TCTATTCT	7.886168	-6.669155	0	T:18.0(6.00%),B:813.8(2.64%),P:1e-2	Tpos:63.0,Tstd:24.8,Bpos:49.8,Bstd:27.6,StrandBias:0.0,Multiplicity:2.11
0.001	0.001	0.001	0.997
0.001	0.997	0.001	0.001
0.001	0.001	0.001	0.997
0.826	0.172	0.001	0.001
0.001	0.001	0.061	0.937
0.001	0.001	0.001	0.997
0.102	0.896	0.001	0.001
0.001	0.001	0.088	0.910
>TATAKAGA	4-TATAKAGA	9.653267	-4.941062	0	T:6.0(2.00%),B:169.9(0.55%),P:1e-2	Tpos:55.7,Tstd:14.2,Bpos:51.5,Bstd:27.5,StrandBias:0.0,Multiplicity:1.00
0.001	0.001	0.001	0.997
0.997	0.001	0.001	0.001
0.001	0.001	0.347	0.651
0.758	0.001	0.240	0.001
0.001	0.001	0.571	0.427
0.997	0.001	0.001	0.001
0.001	0.001	0.967	0.031
0.880	0.118	0.001	0.001
>GAASKAWG	5-GAASKAWG	5.013454	-4.292381	0	T:43.0(14.33%),B:3129.8(10.14%),P:1e-1	Tpos:49.3,Tstd:24.9,Bpos:48.8,Bstd:31.0,StrandBias:-0.9,Multiplicity:2.53
0.001	0.001	0.942	0.056
0.633	0.018	0.241	0.108
0.534	0.113	0.075	0.278
0.162	0.299	0.403	0.135
0.193	0.200	0.367	0.240
0.519	0.188	0.111	0.182
0.380	0.066	0.165	0.390
0.001	0.054	0.599	0.346
