>GATCCTMCAAHA	1-GATCCTMCAAHA	10.769836	-18.213418	0	T:9.0(3.05%),B:57.8(0.19%),P:1e-7	Tpos:55.2,Tstd:27.6,Bpos:51.9,Bstd:24.5,StrandBias:0.5,Multiplicity:1.33
0.001	0.001	0.997	0.001
0.677	0.321	0.001	0.001
0.321	0.001	0.001	0.677
0.001	0.838	0.001	0.160
0.001	0.997	0.001	0.001
0.001	0.001	0.001	0.997
0.347	0.488	0.165	0.001
0.001	0.997	0.001	0.001
0.813	0.001	0.001	0.185
0.514	0.001	0.324	0.161
0.322	0.347	0.001	0.331
0.838	0.001	0.160	0.001
>TTTAAAATKWAT	2-TTTAAAATKWAT	10.318834	-18.169194	0	T:10.0(3.39%),B:79.5(0.26%),P:1e-7	Tpos:63.6,Tstd:20.5,Bpos:54.8,Bstd:25.6,StrandBias:0.0,Multiplicity:1.00
0.001	0.001	0.001	0.997
0.236	0.001	0.001	0.762
0.001	0.001	0.001	0.997
0.476	0.213	0.033	0.278
0.997	0.001	0.001	0.001
0.997	0.001	0.001	0.001
0.997	0.001	0.001	0.001
0.001	0.001	0.001	0.997
0.012	0.014	0.491	0.483
0.573	0.001	0.001	0.425
0.997	0.001	0.001	0.001
0.001	0.001	0.001	0.997
>GGTCAAAGGCTT	3-GGTCAAAGGCTT	10.187596	-18.077424	0	T:9.0(3.05%),B:58.2(0.19%),P:1e-7	Tpos:58.0,Tstd:27.0,Bpos:46.8,Bstd:33.4,StrandBias:0.3,Multiplicity:1.00
0.131	0.001	0.752	0.116
0.001	0.131	0.645	0.223
0.010	0.001	0.001	0.988
0.131	0.737	0.131	0.001
0.645	0.131	0.001	0.223
0.756	0.001	0.242	0.001
0.878	0.010	0.001	0.111
0.262	0.001	0.709	0.028
0.131	0.111	0.757	0.001
0.001	0.997	0.001	0.001
0.001	0.130	0.001	0.868
0.001	0.001	0.001	0.997
>GRCTGTTYGTGG	4-GRCTGTTYGTGG	10.377105	-17.915420	0	T:6.0(2.03%),B:13.6(0.04%),P:1e-7	Tpos:54.7,Tstd:25.7,Bpos:43.5,Bstd:23.3,StrandBias:1.0,Multiplicity:1.00
0.412	0.001	0.586	0.001
0.484	0.022	0.494	0.001
0.001	0.970	0.001	0.028
0.001	0.001	0.001	0.997
0.001	0.412	0.586	0.001
0.001	0.001	0.001	0.997
0.001	0.001	0.001	0.997
0.001	0.483	0.001	0.515
0.023	0.001	0.975	0.001
0.001	0.001	0.001	0.997
0.001	0.001	0.997	0.001
0.001	0.001	0.997	0.001
>AAAATGAGAGGA	5-AAAATGAGAGGA	13.995309	-17.851250	0	T:5.0(1.69%),B:5.7(0.02%),P:1e-7	Tpos:51.8,Tstd:22.0,Bpos:52.2,Bstd:30.5,StrandBias:0.6,Multiplicity:1.00
0.997	0.001	0.001	0.001
0.997	0.001	0.001	0.001
0.780	0.001	0.218	0.001
0.844	0.001	0.001	0.154
0.001	0.001	0.001	0.997
0.001	0.001	0.997	0.001
0.997	0.001	0.001	0.001
0.001	0.001	0.997	0.001
0.780	0.001	0.218	0.001
0.001	0.001	0.997	0.001
0.218	0.001	0.780	0.001
0.997	0.001	0.001	0.001
>CAATCAGAATGG	6-CAATCAGAATGG	12.355432	-17.064735	0	T:4.0(1.36%),B:1.9(0.01%),P:1e-7	Tpos:77.8,Tstd:8.6,Bpos:41.3,Bstd:31.0,StrandBias:0.0,Multiplicity:1.00
0.100	0.700	0.100	0.100
0.700	0.100	0.100	0.100
0.700	0.100	0.100	0.100
0.100	0.100	0.100	0.700
0.100	0.700	0.100	0.100
0.700	0.100	0.100	0.100
0.100	0.100	0.700	0.100
0.700	0.100	0.100	0.100
0.700	0.100	0.100	0.100
0.100	0.100	0.100	0.700
0.100	0.100	0.700	0.100
0.100	0.100	0.700	0.100
>GATGATGACTAT	7-GATGATGACTAT	13.786617	-13.994946	0	T:3.0(1.02%),B:0.7(0.00%),P:1e-6	Tpos:71.0,Tstd:17.7,Bpos:6.0,Bstd:0.0,StrandBias:10.0,Multiplicity:1.00
0.001	0.001	0.997	0.001
0.997	0.001	0.001	0.001
0.310	0.001	0.001	0.688
0.001	0.001	0.688	0.310
0.688	0.001	0.001	0.310
0.001	0.001	0.001	0.997
0.001	0.001	0.674	0.324
0.997	0.001	0.001	0.001
0.001	0.621	0.001	0.377
0.001	0.001	0.038	0.960
0.997	0.001	0.001	0.001
0.001	0.001	0.001	0.997
>TTCTTTCCTTCC	8-TTCTTTCCTTCC	9.847999	-10.950363	0	T:19.0(6.44%),B:635.4(2.06%),P:1e-4	Tpos:54.6,Tstd:22.4,Bpos:47.6,Bstd:31.1,StrandBias:3.2,Multiplicity:1.11
0.001	0.257	0.104	0.638
0.001	0.074	0.001	0.924
0.278	0.502	0.001	0.219
0.141	0.124	0.001	0.734
0.001	0.098	0.001	0.900
0.001	0.257	0.136	0.606
0.001	0.847	0.151	0.001
0.001	0.913	0.001	0.085
0.001	0.403	0.001	0.595
0.001	0.261	0.006	0.732
0.001	0.997	0.001	0.001
0.001	0.753	0.001	0.245
>TAGAATAAAATA	9-TAGAATAAAATA	15.202331	-5.038678	0	T:2.0(0.68%),B:11.9(0.04%),P:1e-2	Tpos:66.7,Tstd:17.1,Bpos:56.4,Bstd:30.7,StrandBias:3.6,Multiplicity:1.00
0.001	0.001	0.001	0.997
0.964	0.034	0.001	0.001
0.001	0.001	0.997	0.001
0.997	0.001	0.001	0.001
0.997	0.001	0.001	0.001
0.001	0.001	0.001	0.997
0.997	0.001	0.001	0.001
0.743	0.001	0.255	0.001
0.997	0.001	0.001	0.001
0.997	0.001	0.001	0.001
0.001	0.001	0.001	0.997
0.997	0.001	0.001	0.001
>CTCTTGTTTTCT	10-CTCTTGTTTTCT	12.416185	-4.765986	0	T:5.0(1.69%),B:127.1(0.41%),P:1e-2	Tpos:51.1,Tstd:22.8,Bpos:50.5,Bstd:27.7,StrandBias:4.5,Multiplicity:1.20
0.001	0.997	0.001	0.001
0.001	0.001	0.001	0.997
0.001	0.697	0.001	0.301
0.001	0.001	0.001	0.997
0.001	0.231	0.001	0.767
0.001	0.366	0.632	0.001
0.001	0.001	0.001	0.997
0.001	0.077	0.001	0.921
0.001	0.001	0.001	0.997
0.001	0.001	0.001	0.997
0.001	0.997	0.001	0.001
0.001	0.001	0.001	0.997
>ACACCGGTTCCG	11-ACACCGGTTCCG	15.051299	-4.661615	0	T:1.0(0.34%),B:0.0(0.00%),P:1e-2	Tpos:44.5,Tstd:7.5,Bpos:0.0,Bstd:0.0,StrandBias:10.0,Multiplicity:2.00
0.997	0.001	0.001	0.001
0.001	0.997	0.001	0.001
0.500	0.250	0.250	0.001
0.001	0.997	0.001	0.001
0.001	0.749	0.001	0.249
0.249	0.001	0.749	0.001
0.001	0.001	0.997	0.001
0.001	0.001	0.001	0.997
0.001	0.001	0.001	0.997
0.001	0.997	0.001	0.001
0.001	0.997	0.001	0.001
0.001	0.001	0.749	0.249
>TTCCTCCYTCCC	12-TTCCTCCYTCCC	13.209998	-3.621303	0	T:2.0(0.68%),B:25.7(0.08%),P:1e-1	Tpos:86.5,Tstd:1.5,Bpos:58.5,Bstd:30.9,StrandBias:0.0,Multiplicity:1.00
0.001	0.040	0.001	0.958
0.001	0.370	0.001	0.628
0.001	0.997	0.001	0.001
0.001	0.661	0.001	0.337
0.001	0.001	0.001	0.997
0.001	0.570	0.031	0.398
0.070	0.847	0.001	0.082
0.001	0.560	0.001	0.438
0.001	0.001	0.001	0.997
0.001	0.723	0.001	0.275
0.001	0.959	0.001	0.039
0.070	0.563	0.001	0.366
>MTMWATATATAT	13-MTMWATATATAT	11.827735	-3.156687	0	T:7.0(2.37%),B:331.4(1.07%),P:1e-1	Tpos:68.6,Tstd:15.7,Bpos:46.0,Bstd:24.2,StrandBias:0.1,Multiplicity:1.00
0.519	0.463	0.001	0.017
0.292	0.001	0.001	0.706
0.506	0.492	0.001	0.001
0.501	0.001	0.001	0.497
0.782	0.216	0.001	0.001
0.100	0.001	0.001	0.898
0.997	0.001	0.001	0.001
0.173	0.001	0.001	0.825
0.789	0.209	0.001	0.001
0.001	0.028	0.001	0.970
0.753	0.001	0.245	0.001
0.001	0.001	0.001	0.997
