>AGGAACCTGC	1-AGGAACCTGC	8.176873	-23.783851	0	T:22.0(7.46%),B:378.1(1.22%),P:1e-10	Tpos:50.2,Tstd:24.9,Bpos:49.0,Bstd:28.3,StrandBias:-0.2,Multiplicity:1.05
0.941	0.001	0.057	0.001
0.001	0.001	0.888	0.110
0.034	0.001	0.964	0.001
0.677	0.139	0.054	0.130
0.749	0.108	0.093	0.050
0.204	0.737	0.018	0.041
0.032	0.803	0.046	0.119
0.071	0.001	0.037	0.891
0.038	0.132	0.799	0.031
0.176	0.559	0.157	0.108
>GCTGCCCCTC	2-GCTGCCCCTC	7.476616	-22.968337	0	T:27.0(9.15%),B:610.3(1.97%),P:1e-9	Tpos:48.1,Tstd:28.7,Bpos:50.7,Bstd:28.4,StrandBias:-0.2,Multiplicity:1.04
0.093	0.002	0.842	0.063
0.001	0.917	0.081	0.001
0.112	0.001	0.001	0.886
0.001	0.080	0.728	0.191
0.075	0.689	0.070	0.166
0.165	0.833	0.001	0.001
0.001	0.936	0.001	0.062
0.124	0.798	0.001	0.077
0.217	0.066	0.001	0.716
0.197	0.653	0.108	0.042
>AGCAGAATGG	3-AGCAGAATGG	7.347590	-20.059267	0	T:29.0(9.83%),B:803.9(2.60%),P:1e-8	Tpos:50.5,Tstd:26.2,Bpos:49.7,Bstd:27.6,StrandBias:0.8,Multiplicity:1.00
0.833	0.002	0.002	0.163
0.001	0.001	0.982	0.016
0.026	0.721	0.197	0.056
0.799	0.001	0.024	0.176
0.001	0.110	0.742	0.147
0.791	0.037	0.127	0.045
0.560	0.172	0.267	0.001
0.002	0.070	0.094	0.834
0.001	0.069	0.829	0.101
0.049	0.001	0.888	0.062
>ATGATGGCTT	4-ATGATGGCTT	10.404088	-18.739972	0	T:12.0(4.07%),B:124.5(0.40%),P:1e-8	Tpos:58.2,Tstd:32.0,Bpos:54.7,Bstd:31.6,StrandBias:-0.5,Multiplicity:1.00
0.859	0.001	0.139	0.001
0.114	0.001	0.001	0.884
0.001	0.145	0.853	0.001
0.896	0.001	0.001	0.102
0.001	0.001	0.001	0.997
0.001	0.001	0.922	0.076
0.001	0.001	0.838	0.160
0.001	0.859	0.001	0.139
0.001	0.001	0.001	0.997
0.001	0.001	0.001	0.997
>CACCATCAGT	5-CACCATCAGT	13.577131	-13.994946	0	T:3.0(1.02%),B:0.8(0.00%),P:1e-6	Tpos:47.0,Tstd:14.2,Bpos:51.0,Bstd:0.0,StrandBias:1.0,Multiplicity:1.00
0.226	0.772	0.001	0.001
0.997	0.001	0.001	0.001
0.001	0.997	0.001	0.001
0.001	0.997	0.001	0.001
0.997	0.001	0.001	0.001
0.001	0.001	0.001	0.997
0.001	0.997	0.001	0.001
0.997	0.001	0.001	0.001
0.001	0.001	0.997	0.001
0.001	0.001	0.001	0.997
>CCCTTCCTTC	6-CCCTTCCTTC	7.905363	-12.959035	0	T:26.0(8.81%),B:949.6(3.07%),P:1e-5	Tpos:53.2,Tstd:22.8,Bpos:46.7,Bstd:31.5,StrandBias:2.2,Multiplicity:1.00
0.021	0.828	0.058	0.093
0.070	0.888	0.028	0.014
0.105	0.812	0.032	0.051
0.117	0.067	0.001	0.815
0.061	0.061	0.109	0.769
0.168	0.593	0.094	0.145
0.001	0.937	0.001	0.061
0.001	0.152	0.001	0.846
0.096	0.037	0.091	0.776
0.123	0.744	0.059	0.074
>TATATAGAAA	7-TATATAGAAA	10.849001	-9.892548	0	T:7.0(2.37%),B:94.3(0.31%),P:1e-4	Tpos:52.0,Tstd:31.9,Bpos:55.4,Bstd:22.7,StrandBias:-2.6,Multiplicity:1.00
0.001	0.001	0.001	0.997
0.997	0.001	0.001	0.001
0.001	0.038	0.153	0.808
0.675	0.001	0.001	0.323
0.001	0.221	0.151	0.627
0.971	0.027	0.001	0.001
0.001	0.001	0.765	0.233
0.997	0.001	0.001	0.001
0.555	0.001	0.325	0.119
0.997	0.001	0.001	0.001
>AATAGAATAG	8-AATAGAATAG	8.453831	-9.352250	0	T:15.0(5.08%),B:481.7(1.56%),P:1e-4	Tpos:58.0,Tstd:23.6,Bpos:51.7,Bstd:27.7,StrandBias:0.3,Multiplicity:2.20
0.787	0.001	0.097	0.115
0.913	0.001	0.001	0.085
0.070	0.106	0.262	0.562
0.889	0.062	0.001	0.048
0.080	0.038	0.803	0.079
0.929	0.035	0.001	0.035
0.865	0.097	0.001	0.037
0.196	0.107	0.151	0.546
0.902	0.001	0.001	0.096
0.038	0.039	0.829	0.094
>TAATAGAMTA	9-TAATAGAMTA	12.081633	-9.256680	0	T:3.0(1.02%),B:7.8(0.03%),P:1e-4	Tpos:73.0,Tstd:24.4,Bpos:39.8,Bstd:20.4,StrandBias:1.0,Multiplicity:1.00
0.001	0.001	0.096	0.902
0.997	0.001	0.001	0.001
0.612	0.386	0.001	0.001
0.001	0.001	0.001	0.997
0.997	0.001	0.001	0.001
0.001	0.001	0.997	0.001
0.997	0.001	0.001	0.001
0.494	0.504	0.001	0.001
0.001	0.001	0.001	0.997
0.997	0.001	0.001	0.001
>AAAWATATAT	10-AAAWATATAT	12.469004	-5.693839	0	T:4.0(1.36%),B:61.7(0.20%),P:1e-2	Tpos:59.8,Tstd:13.7,Bpos:45.5,Bstd:27.5,StrandBias:1.6,Multiplicity:1.00
0.945	0.053	0.001	0.001
0.889	0.001	0.001	0.109
0.997	0.001	0.001	0.001
0.430	0.157	0.001	0.412
0.997	0.001	0.001	0.001
0.129	0.001	0.028	0.842
0.828	0.170	0.001	0.001
0.001	0.001	0.001	0.997
0.997	0.001	0.001	0.001
0.001	0.001	0.001	0.997
>TGATGATGAT	11-TGATGATGAT	-2.171825	-3.191013	0	T:62.0(21.02%),B:5243.5(16.96%),P:1e-1	Tpos:47.0,Tstd:23.7,Bpos:49.3,Bstd:27.7,StrandBias:0.6,Multiplicity:1.08
0.111	0.001	0.001	0.887
0.001	0.001	0.997	0.001
0.997	0.001	0.001	0.001
0.001	0.001	0.001	0.997
0.001	0.001	0.997	0.001
0.997	0.001	0.001	0.001
0.001	0.001	0.001	0.997
0.001	0.001	0.762	0.236
0.997	0.001	0.001	0.001
0.001	0.001	0.001	0.997
>GATGATGATG	12-GATGATGATG	9.299565	-2.362692	0	T:5.0(1.69%),B:249.8(0.81%),P:1e-1	Tpos:66.2,Tstd:14.0,Bpos:46.7,Bstd:25.9,StrandBias:-10.0,Multiplicity:1.33
0.001	0.001	0.997	0.001
0.803	0.195	0.001	0.001
0.138	0.001	0.215	0.646
0.001	0.001	0.997	0.001
0.861	0.001	0.137	0.001
0.237	0.167	0.001	0.595
0.167	0.196	0.636	0.001
0.832	0.001	0.001	0.166
0.001	0.001	0.375	0.623
0.001	0.001	0.997	0.001
