>AGGAACCTGC	1-AGGAACCTGC	8.176873	-23.783851	0	T:22.0(7.46%),B:378.1(1.22%),P:1e-10	Tpos:50.2,Tstd:24.9,Bpos:49.0,Bstd:28.3,StrandBias:-0.2,Multiplicity:1.05
0.941	0.001	0.057	0.001
0.001	0.001	0.888	0.110
0.034	0.001	0.964	0.001
0.677	0.139	0.054	0.130
0.749	0.108	0.093	0.050
0.204	0.737	0.018	0.041
0.032	0.803	0.046	0.119
0.071	0.001	0.037	0.891
0.038	0.132	0.799	0.031
0.176	0.559	0.157	0.108
>GCTGCCCCTC	2-GCTGCCCCTC	7.476616	-22.968337	0	T:27.0(9.15%),B:610.3(1.97%),P:1e-9	Tpos:48.1,Tstd:28.7,Bpos:50.7,Bstd:28.4,StrandBias:-0.2,Multiplicity:1.04
0.093	0.002	0.842	0.063
0.001	0.917	0.081	0.001
0.112	0.001	0.001	0.886
0.001	0.080	0.728	0.191
0.075	0.689	0.070	0.166
0.165	0.833	0.001	0.001
0.001	0.936	0.001	0.062
0.124	0.798	0.001	0.077
0.217	0.066	0.001	0.716
0.197	0.653	0.108	0.042
>AGCAGAATGG	3-AGCAGAATGG	7.347590	-20.059267	0	T:29.0(9.83%),B:803.9(2.60%),P:1e-8	Tpos:50.5,Tstd:26.2,Bpos:49.7,Bstd:27.6,StrandBias:0.8,Multiplicity:1.00
0.833	0.002	0.002	0.163
0.001	0.001	0.982	0.016
0.026	0.721	0.197	0.056
0.799	0.001	0.024	0.176
0.001	0.110	0.742	0.147
0.791	0.037	0.127	0.045
0.560	0.172	0.267	0.001
0.002	0.070	0.094	0.834
0.001	0.069	0.829	0.101
0.049	0.001	0.888	0.062
>ATGATGGCTT	4-ATGATGGCTT	10.404088	-18.739972	0	T:12.0(4.07%),B:124.5(0.40%),P:1e-8	Tpos:58.2,Tstd:32.0,Bpos:54.7,Bstd:31.6,StrandBias:-0.5,Multiplicity:1.00
0.859	0.001	0.139	0.001
0.114	0.001	0.001	0.884
0.001	0.145	0.853	0.001
0.896	0.001	0.001	0.102
0.001	0.001	0.001	0.997
0.001	0.001	0.922	0.076
0.001	0.001	0.838	0.160
0.001	0.859	0.001	0.139
0.001	0.001	0.001	0.997
0.001	0.001	0.001	0.997
>CACCATCAGT	5-CACCATCAGT	13.577131	-13.994946	0	T:3.0(1.02%),B:0.8(0.00%),P:1e-6	Tpos:47.0,Tstd:14.2,Bpos:51.0,Bstd:0.0,StrandBias:1.0,Multiplicity:1.00
0.226	0.772	0.001	0.001
0.997	0.001	0.001	0.001
0.001	0.997	0.001	0.001
0.001	0.997	0.001	0.001
0.997	0.001	0.001	0.001
0.001	0.001	0.001	0.997
0.001	0.997	0.001	0.001
0.997	0.001	0.001	0.001
0.001	0.001	0.997	0.001
0.001	0.001	0.001	0.997
>CCCTTCCTTC	6-CCCTTCCTTC	7.905363	-12.959035	0	T:26.0(8.81%),B:949.6(3.07%),P:1e-5	Tpos:53.2,Tstd:22.8,Bpos:46.7,Bstd:31.5,StrandBias:2.2,Multiplicity:1.00
0.021	0.828	0.058	0.093
0.070	0.888	0.028	0.014
0.105	0.812	0.032	0.051
0.117	0.067	0.001	0.815
0.061	0.061	0.109	0.769
0.168	0.593	0.094	0.145
0.001	0.937	0.001	0.061
0.001	0.152	0.001	0.846
0.096	0.037	0.091	0.776
0.123	0.744	0.059	0.074
>TATATAGAAA	7-TATATAGAAA	10.849001	-9.892548	0	T:7.0(2.37%),B:94.3(0.31%),P:1e-4	Tpos:52.0,Tstd:31.9,Bpos:55.4,Bstd:22.7,StrandBias:-2.6,Multiplicity:1.00
0.001	0.001	0.001	0.997
0.997	0.001	0.001	0.001
0.001	0.038	0.153	0.808
0.675	0.001	0.001	0.323
0.001	0.221	0.151	0.627
0.971	0.027	0.001	0.001
0.001	0.001	0.765	0.233
0.997	0.001	0.001	0.001
0.555	0.001	0.325	0.119
0.997	0.001	0.001	0.001
>AATAGAATAG	8-AATAGAATAG	8.453831	-9.352250	0	T:15.0(5.08%),B:481.7(1.56%),P:1e-4	Tpos:58.0,Tstd:23.6,Bpos:51.7,Bstd:27.7,StrandBias:0.3,Multiplicity:2.20
0.787	0.001	0.097	0.115
0.913	0.001	0.001	0.085
0.070	0.106	0.262	0.562
0.889	0.062	0.001	0.048
0.080	0.038	0.803	0.079
0.929	0.035	0.001	0.035
0.865	0.097	0.001	0.037
0.196	0.107	0.151	0.546
0.902	0.001	0.001	0.096
0.038	0.039	0.829	0.094
>TAATAGAMTA	9-TAATAGAMTA	12.081633	-9.256680	0	T:3.0(1.02%),B:7.8(0.03%),P:1e-4	Tpos:73.0,Tstd:24.4,Bpos:39.8,Bstd:20.4,StrandBias:1.0,Multiplicity:1.00
0.001	0.001	0.096	0.902
0.997	0.001	0.001	0.001
0.612	0.386	0.001	0.001
0.001	0.001	0.001	0.997
0.997	0.001	0.001	0.001
0.001	0.001	0.997	0.001
0.997	0.001	0.001	0.001
0.494	0.504	0.001	0.001
0.001	0.001	0.001	0.997
0.997	0.001	0.001	0.001
>AAAWATATAT	10-AAAWATATAT	12.469004	-5.693839	0	T:4.0(1.36%),B:61.7(0.20%),P:1e-2	Tpos:59.8,Tstd:13.7,Bpos:45.5,Bstd:27.5,StrandBias:1.6,Multiplicity:1.00
0.945	0.053	0.001	0.001
0.889	0.001	0.001	0.109
0.997	0.001	0.001	0.001
0.430	0.157	0.001	0.412
0.997	0.001	0.001	0.001
0.129	0.001	0.028	0.842
0.828	0.170	0.001	0.001
0.001	0.001	0.001	0.997
0.997	0.001	0.001	0.001
0.001	0.001	0.001	0.997
>TGATGATGAT	11-TGATGATGAT	-2.171825	-3.191013	0	T:62.0(21.02%),B:5243.5(16.96%),P:1e-1	Tpos:47.0,Tstd:23.7,Bpos:49.3,Bstd:27.7,StrandBias:0.6,Multiplicity:1.08
0.111	0.001	0.001	0.887
0.001	0.001	0.997	0.001
0.997	0.001	0.001	0.001
0.001	0.001	0.001	0.997
0.001	0.001	0.997	0.001
0.997	0.001	0.001	0.001
0.001	0.001	0.001	0.997
0.001	0.001	0.762	0.236
0.997	0.001	0.001	0.001
0.001	0.001	0.001	0.997
>GATGATGATG	12-GATGATGATG	9.299565	-2.362692	0	T:5.0(1.69%),B:249.8(0.81%),P:1e-1	Tpos:66.2,Tstd:14.0,Bpos:46.7,Bstd:25.9,StrandBias:-10.0,Multiplicity:1.33
0.001	0.001	0.997	0.001
0.803	0.195	0.001	0.001
0.138	0.001	0.215	0.646
0.001	0.001	0.997	0.001
0.861	0.001	0.137	0.001
0.237	0.167	0.001	0.595
0.167	0.196	0.636	0.001
0.832	0.001	0.001	0.166
0.001	0.001	0.375	0.623
0.001	0.001	0.997	0.001
>GATCCTMCAAHA	1-GATCCTMCAAHA	10.769836	-18.213418	0	T:9.0(3.05%),B:57.8(0.19%),P:1e-7	Tpos:55.2,Tstd:27.6,Bpos:51.9,Bstd:24.5,StrandBias:0.5,Multiplicity:1.33
0.001	0.001	0.997	0.001
0.677	0.321	0.001	0.001
0.321	0.001	0.001	0.677
0.001	0.838	0.001	0.160
0.001	0.997	0.001	0.001
0.001	0.001	0.001	0.997
0.347	0.488	0.165	0.001
0.001	0.997	0.001	0.001
0.813	0.001	0.001	0.185
0.514	0.001	0.324	0.161
0.322	0.347	0.001	0.331
0.838	0.001	0.160	0.001
>TTTAAAATKWAT	2-TTTAAAATKWAT	10.318834	-18.169194	0	T:10.0(3.39%),B:79.5(0.26%),P:1e-7	Tpos:63.6,Tstd:20.5,Bpos:54.8,Bstd:25.6,StrandBias:0.0,Multiplicity:1.00
0.001	0.001	0.001	0.997
0.236	0.001	0.001	0.762
0.001	0.001	0.001	0.997
0.476	0.213	0.033	0.278
0.997	0.001	0.001	0.001
0.997	0.001	0.001	0.001
0.997	0.001	0.001	0.001
0.001	0.001	0.001	0.997
0.012	0.014	0.491	0.483
0.573	0.001	0.001	0.425
0.997	0.001	0.001	0.001
0.001	0.001	0.001	0.997
>GGTCAAAGGCTT	3-GGTCAAAGGCTT	10.187596	-18.077424	0	T:9.0(3.05%),B:58.2(0.19%),P:1e-7	Tpos:58.0,Tstd:27.0,Bpos:46.8,Bstd:33.4,StrandBias:0.3,Multiplicity:1.00
0.131	0.001	0.752	0.116
0.001	0.131	0.645	0.223
0.010	0.001	0.001	0.988
0.131	0.737	0.131	0.001
0.645	0.131	0.001	0.223
0.756	0.001	0.242	0.001
0.878	0.010	0.001	0.111
0.262	0.001	0.709	0.028
0.131	0.111	0.757	0.001
0.001	0.997	0.001	0.001
0.001	0.130	0.001	0.868
0.001	0.001	0.001	0.997
>GRCTGTTYGTGG	4-GRCTGTTYGTGG	10.377105	-17.915420	0	T:6.0(2.03%),B:13.6(0.04%),P:1e-7	Tpos:54.7,Tstd:25.7,Bpos:43.5,Bstd:23.3,StrandBias:1.0,Multiplicity:1.00
0.412	0.001	0.586	0.001
0.484	0.022	0.494	0.001
0.001	0.970	0.001	0.028
0.001	0.001	0.001	0.997
0.001	0.412	0.586	0.001
0.001	0.001	0.001	0.997
0.001	0.001	0.001	0.997
0.001	0.483	0.001	0.515
0.023	0.001	0.975	0.001
0.001	0.001	0.001	0.997
0.001	0.001	0.997	0.001
0.001	0.001	0.997	0.001
>AAAATGAGAGGA	5-AAAATGAGAGGA	13.995309	-17.851250	0	T:5.0(1.69%),B:5.7(0.02%),P:1e-7	Tpos:51.8,Tstd:22.0,Bpos:52.2,Bstd:30.5,StrandBias:0.6,Multiplicity:1.00
0.997	0.001	0.001	0.001
0.997	0.001	0.001	0.001
0.780	0.001	0.218	0.001
0.844	0.001	0.001	0.154
0.001	0.001	0.001	0.997
0.001	0.001	0.997	0.001
0.997	0.001	0.001	0.001
0.001	0.001	0.997	0.001
0.780	0.001	0.218	0.001
0.001	0.001	0.997	0.001
0.218	0.001	0.780	0.001
0.997	0.001	0.001	0.001
>CAATCAGAATGG	6-CAATCAGAATGG	12.355432	-17.064735	0	T:4.0(1.36%),B:1.9(0.01%),P:1e-7	Tpos:77.8,Tstd:8.6,Bpos:41.3,Bstd:31.0,StrandBias:0.0,Multiplicity:1.00
0.100	0.700	0.100	0.100
0.700	0.100	0.100	0.100
0.700	0.100	0.100	0.100
0.100	0.100	0.100	0.700
0.100	0.700	0.100	0.100
0.700	0.100	0.100	0.100
0.100	0.100	0.700	0.100
0.700	0.100	0.100	0.100
0.700	0.100	0.100	0.100
0.100	0.100	0.100	0.700
0.100	0.100	0.700	0.100
0.100	0.100	0.700	0.100
>GATGATGACTAT	7-GATGATGACTAT	13.786617	-13.994946	0	T:3.0(1.02%),B:0.7(0.00%),P:1e-6	Tpos:71.0,Tstd:17.7,Bpos:6.0,Bstd:0.0,StrandBias:10.0,Multiplicity:1.00
0.001	0.001	0.997	0.001
0.997	0.001	0.001	0.001
0.310	0.001	0.001	0.688
0.001	0.001	0.688	0.310
0.688	0.001	0.001	0.310
0.001	0.001	0.001	0.997
0.001	0.001	0.674	0.324
0.997	0.001	0.001	0.001
0.001	0.621	0.001	0.377
0.001	0.001	0.038	0.960
0.997	0.001	0.001	0.001
0.001	0.001	0.001	0.997
>TTCTTTCCTTCC	8-TTCTTTCCTTCC	9.847999	-10.950363	0	T:19.0(6.44%),B:635.4(2.06%),P:1e-4	Tpos:54.6,Tstd:22.4,Bpos:47.6,Bstd:31.1,StrandBias:3.2,Multiplicity:1.11
0.001	0.257	0.104	0.638
0.001	0.074	0.001	0.924
0.278	0.502	0.001	0.219
0.141	0.124	0.001	0.734
0.001	0.098	0.001	0.900
0.001	0.257	0.136	0.606
0.001	0.847	0.151	0.001
0.001	0.913	0.001	0.085
0.001	0.403	0.001	0.595
0.001	0.261	0.006	0.732
0.001	0.997	0.001	0.001
0.001	0.753	0.001	0.245
>TAGAATAAAATA	9-TAGAATAAAATA	15.202331	-5.038678	0	T:2.0(0.68%),B:11.9(0.04%),P:1e-2	Tpos:66.7,Tstd:17.1,Bpos:56.4,Bstd:30.7,StrandBias:3.6,Multiplicity:1.00
0.001	0.001	0.001	0.997
0.964	0.034	0.001	0.001
0.001	0.001	0.997	0.001
0.997	0.001	0.001	0.001
0.997	0.001	0.001	0.001
0.001	0.001	0.001	0.997
0.997	0.001	0.001	0.001
0.743	0.001	0.255	0.001
0.997	0.001	0.001	0.001
0.997	0.001	0.001	0.001
0.001	0.001	0.001	0.997
0.997	0.001	0.001	0.001
>CTCTTGTTTTCT	10-CTCTTGTTTTCT	12.416185	-4.765986	0	T:5.0(1.69%),B:127.1(0.41%),P:1e-2	Tpos:51.1,Tstd:22.8,Bpos:50.5,Bstd:27.7,StrandBias:4.5,Multiplicity:1.20
0.001	0.997	0.001	0.001
0.001	0.001	0.001	0.997
0.001	0.697	0.001	0.301
0.001	0.001	0.001	0.997
0.001	0.231	0.001	0.767
0.001	0.366	0.632	0.001
0.001	0.001	0.001	0.997
0.001	0.077	0.001	0.921
0.001	0.001	0.001	0.997
0.001	0.001	0.001	0.997
0.001	0.997	0.001	0.001
0.001	0.001	0.001	0.997
>ACACCGGTTCCG	11-ACACCGGTTCCG	15.051299	-4.661615	0	T:1.0(0.34%),B:0.0(0.00%),P:1e-2	Tpos:44.5,Tstd:7.5,Bpos:0.0,Bstd:0.0,StrandBias:10.0,Multiplicity:2.00
0.997	0.001	0.001	0.001
0.001	0.997	0.001	0.001
0.500	0.250	0.250	0.001
0.001	0.997	0.001	0.001
0.001	0.749	0.001	0.249
0.249	0.001	0.749	0.001
0.001	0.001	0.997	0.001
0.001	0.001	0.001	0.997
0.001	0.001	0.001	0.997
0.001	0.997	0.001	0.001
0.001	0.997	0.001	0.001
0.001	0.001	0.749	0.249
>TTCCTCCYTCCC	12-TTCCTCCYTCCC	13.209998	-3.621303	0	T:2.0(0.68%),B:25.7(0.08%),P:1e-1	Tpos:86.5,Tstd:1.5,Bpos:58.5,Bstd:30.9,StrandBias:0.0,Multiplicity:1.00
0.001	0.040	0.001	0.958
0.001	0.370	0.001	0.628
0.001	0.997	0.001	0.001
0.001	0.661	0.001	0.337
0.001	0.001	0.001	0.997
0.001	0.570	0.031	0.398
0.070	0.847	0.001	0.082
0.001	0.560	0.001	0.438
0.001	0.001	0.001	0.997
0.001	0.723	0.001	0.275
0.001	0.959	0.001	0.039
0.070	0.563	0.001	0.366
>MTMWATATATAT	13-MTMWATATATAT	11.827735	-3.156687	0	T:7.0(2.37%),B:331.4(1.07%),P:1e-1	Tpos:68.6,Tstd:15.7,Bpos:46.0,Bstd:24.2,StrandBias:0.1,Multiplicity:1.00
0.519	0.463	0.001	0.017
0.292	0.001	0.001	0.706
0.506	0.492	0.001	0.001
0.501	0.001	0.001	0.497
0.782	0.216	0.001	0.001
0.100	0.001	0.001	0.898
0.997	0.001	0.001	0.001
0.173	0.001	0.001	0.825
0.789	0.209	0.001	0.001
0.001	0.028	0.001	0.970
0.753	0.001	0.245	0.001
0.001	0.001	0.001	0.997
>AGAGGCTA	1-AGAGGCTA	8.388408	-14.927020	0	T:11.0(3.73%),B:146.1(0.47%),P:1e-6	Tpos:54.5,Tstd:24.5,Bpos:46.6,Bstd:26.3,StrandBias:0.3,Multiplicity:1.00
0.997	0.001	0.001	0.001
0.001	0.001	0.997	0.001
0.911	0.001	0.087	0.001
0.001	0.213	0.785	0.001
0.001	0.001	0.997	0.001
0.001	0.997	0.001	0.001
0.001	0.001	0.001	0.997
0.997	0.001	0.001	0.001
>GTTGTGCC	2-GTTGTGCC	5.215543	-11.930280	0	T:63.0(21.36%),B:3756.6(12.15%),P:1e-5	Tpos:53.9,Tstd:26.9,Bpos:50.3,Bstd:30.1,StrandBias:0.3,Multiplicity:1.19
0.045	0.032	0.871	0.052
0.074	0.050	0.072	0.804
0.012	0.087	0.066	0.835
0.075	0.030	0.757	0.138
0.067	0.040	0.146	0.747
0.133	0.110	0.613	0.144
0.052	0.718	0.106	0.124
0.092	0.669	0.112	0.127
>AAGTAAGG	3-AAGTAAGG	6.994035	-10.693339	0	T:38.0(12.88%),B:1926.6(6.23%),P:1e-4	Tpos:53.5,Tstd:24.5,Bpos:48.6,Bstd:30.9,StrandBias:-1.2,Multiplicity:2.03
0.944	0.001	0.007	0.048
0.907	0.001	0.021	0.071
0.056	0.001	0.814	0.129
0.001	0.007	0.052	0.940
0.622	0.238	0.061	0.079
0.836	0.001	0.081	0.082
0.001	0.001	0.984	0.014
0.050	0.001	0.897	0.052
>TCTATTCT	4-TCTATTCT	8.298784	-3.947105	0	T:13.0(4.41%),B:702.6(2.27%),P:1e-1	Tpos:63.5,Tstd:22.9,Bpos:49.1,Bstd:27.5,StrandBias:-0.1,Multiplicity:2.54
0.001	0.001	0.001	0.997
0.001	0.997	0.001	0.001
0.001	0.001	0.001	0.997
0.818	0.180	0.001	0.001
0.001	0.001	0.001	0.997
0.001	0.001	0.001	0.997
0.084	0.914	0.001	0.001
0.001	0.001	0.092	0.906
>TCTATATA	5-TCTATATA	6.484958	-3.400902	0	T:30.0(10.17%),B:2205.0(7.13%),P:1e-1	Tpos:63.6,Tstd:20.7,Bpos:49.5,Bstd:28.8,StrandBias:-0.3,Multiplicity:2.60
0.001	0.001	0.038	0.960
0.082	0.916	0.001	0.001
0.001	0.001	0.001	0.997
0.639	0.359	0.001	0.001
0.025	0.031	0.001	0.943
0.633	0.365	0.001	0.001
0.018	0.001	0.001	0.980
0.928	0.070	0.001	0.001
