>CTATTTGARGAG	1-CTATTTGARGAG,BestGuess:Mef2a(MADS)/HL1-Mef2a.biotin-ChIP-Seq(GSE21529)/Homer(0.750)	8.446557	-32.291111	0	T:53.0(3.19%),B:255.5(0.83%),P:1e-14
0.073	0.787	0.123	0.017
0.178	0.259	0.001	0.562
0.833	0.016	0.021	0.130
0.051	0.001	0.001	0.947
0.001	0.021	0.061	0.917
0.171	0.001	0.093	0.735
0.037	0.057	0.759	0.147
0.737	0.001	0.201	0.061
0.321	0.001	0.448	0.230
0.234	0.001	0.764	0.001
0.835	0.021	0.041	0.103
0.260	0.021	0.657	0.062
