>GTGTGTGTGAGA	23-GTGTGTGTGAGA	9.590265	-4.560245	0	T:44.0(2.65%),B:551.7(1.80%),P:1e-1
0.001	0.054	0.944	0.001
0.132	0.001	0.042	0.825
0.001	0.054	0.891	0.054
0.054	0.001	0.097	0.848
0.055	0.055	0.781	0.109
0.001	0.001	0.139	0.859
0.042	0.001	0.860	0.097
0.097	0.001	0.054	0.848
0.001	0.041	0.957	0.001
0.731	0.097	0.001	0.171
0.121	0.109	0.715	0.055
0.873	0.001	0.001	0.125
