>GACAACACATTT	11-GACAACACATTT,BestGuess:twi/dmmpmm(Down)/fly(0.693)	9.272198	-19.778271	0	T:14.0(0.84%),B:24.9(0.08%),P:1e-8
0.159	0.126	0.597	0.118
0.683	0.102	0.094	0.121
0.220	0.529	0.141	0.110
0.707	0.107	0.053	0.133
0.703	0.079	0.105	0.113
0.165	0.583	0.130	0.122
0.745	0.079	0.050	0.126
0.134	0.622	0.109	0.135
0.720	0.098	0.047	0.135
0.120	0.099	0.080	0.701
0.104	0.093	0.093	0.710
0.099	0.104	0.095	0.702
