>CTCYTCAAATAG	1-CTATTTGARGAG	8.446557	-32.291111	0	T:53.0(3.19%),B:255.5(0.83%),P:1e-14
0.062	0.657	0.021	0.260
0.103	0.041	0.021	0.835
0.001	0.764	0.001	0.234
0.230	0.448	0.001	0.321
0.061	0.201	0.001	0.737
0.147	0.759	0.057	0.037
0.735	0.093	0.001	0.171
0.917	0.061	0.021	0.001
0.947	0.001	0.001	0.051
0.130	0.021	0.016	0.833
0.562	0.001	0.259	0.178
0.017	0.123	0.787	0.073
