>ATATATATATTT	21-AAATATATATAT	12.327777	-9.242712	0	T:26.0(1.40%),B:176.2(0.58%),P:1e-4
0.827	0.071	0.001	0.101
0.036	0.034	0.102	0.828
0.852	0.066	0.070	0.012
0.083	0.001	0.026	0.890
0.820	0.056	0.036	0.088
0.141	0.026	0.040	0.793
0.816	0.001	0.100	0.083
0.033	0.020	0.001	0.946
0.728	0.097	0.077	0.098
0.072	0.001	0.042	0.885
0.048	0.052	0.106	0.794
0.036	0.088	0.052	0.824
