>AAATATATATAT	21-AAATATATATAT,BestGuess:SeqBias: TA-repeat(0.814)	12.327777	-9.242712	0	T:26.0(1.40%),B:176.2(0.58%),P:1e-4
0.824	0.052	0.088	0.036
0.794	0.106	0.052	0.048
0.885	0.042	0.001	0.072
0.098	0.077	0.097	0.728
0.946	0.001	0.020	0.033
0.083	0.100	0.001	0.816
0.793	0.040	0.026	0.141
0.088	0.036	0.056	0.820
0.890	0.026	0.001	0.083
0.012	0.070	0.066	0.852
0.828	0.102	0.034	0.036
0.101	0.001	0.071	0.827
