>GAAATGCCCAAG	5-GAAATGCCCAAG,BestGuess:PB0133.1_Hic1_2/Jaspar(0.715)	9.977668	-28.293640	0	T:24.0(1.29%),B:48.0(0.16%),P:1e-12
0.001	0.103	0.895	0.001
0.907	0.091	0.001	0.001
0.947	0.001	0.051	0.001
0.803	0.092	0.104	0.001
0.040	0.001	0.104	0.855
0.040	0.092	0.816	0.052
0.052	0.764	0.092	0.092
0.092	0.855	0.052	0.001
0.001	0.853	0.052	0.094
0.791	0.156	0.052	0.001
0.843	0.001	0.052	0.104
0.156	0.094	0.698	0.052
