>CCCACTCCAGGA	4-TCCTGGAGTGGG	10.429985	-28.430117	0	T:18.0(0.97%),B:20.3(0.07%),P:1e-12
0.001	0.940	0.001	0.058
0.042	0.902	0.001	0.055
0.001	0.813	0.042	0.144
0.692	0.043	0.098	0.167
0.001	0.845	0.001	0.153
0.055	0.252	0.001	0.692
0.001	0.885	0.113	0.001
0.056	0.845	0.056	0.043
0.829	0.056	0.056	0.059
0.167	0.001	0.830	0.002
0.056	0.056	0.845	0.043
0.898	0.001	0.003	0.098
