>RGAATACV	1-RGAATACV	4.193054	-13.633000	0	T:213.0(12.82%),B:2812.6(9.17%),P:1e-5	Tpos:51.2,Tstd:28.0,Bpos:50.1,Bstd:27.6,StrandBias:-0.0,Multiplicity:1.11
0.363	0.213	0.215	0.209
0.169	0.144	0.514	0.173
0.603	0.129	0.144	0.124
0.553	0.164	0.123	0.160
0.158	0.168	0.156	0.518
0.594	0.136	0.132	0.138
0.149	0.514	0.167	0.170
0.341	0.211	0.264	0.184
>AAGCAAGG	2-AAGCAAGG	3.590704	-13.432273	0	T:123.0(7.40%),B:1435.6(4.68%),P:1e-5	Tpos:49.5,Tstd:27.5,Bpos:49.7,Bstd:28.1,StrandBias:-0.4,Multiplicity:1.07
0.900	0.001	0.098	0.001
0.997	0.001	0.001	0.001
0.357	0.001	0.641	0.001
0.001	0.977	0.001	0.021
0.893	0.001	0.105	0.001
0.711	0.287	0.001	0.001
0.001	0.001	0.997	0.001
0.001	0.001	0.997	0.001
>GGGGGGGR	3-GGGGGGGR	5.193399	-11.691270	0	T:224.0(13.48%),B:3078.6(10.04%),P:1e-5	Tpos:51.9,Tstd:26.4,Bpos:50.4,Bstd:30.4,StrandBias:-0.3,Multiplicity:1.16
0.087	0.060	0.754	0.099
0.097	0.013	0.754	0.136
0.046	0.052	0.562	0.340
0.089	0.001	0.690	0.220
0.021	0.001	0.682	0.296
0.001	0.045	0.693	0.261
0.133	0.238	0.618	0.011
0.324	0.182	0.422	0.071
>CAAGGATT	4-CAAGGATT	6.708533	-11.674767	0	T:17.0(1.02%),B:80.7(0.26%),P:1e-5	Tpos:58.5,Tstd:26.6,Bpos:48.4,Bstd:27.3,StrandBias:-1.0,Multiplicity:1.00
0.001	0.997	0.001	0.001
0.997	0.001	0.001	0.001
0.903	0.095	0.001	0.001
0.001	0.134	0.864	0.001
0.001	0.001	0.997	0.001
0.997	0.001	0.001	0.001
0.001	0.001	0.001	0.997
0.001	0.001	0.001	0.997
>TACCTACC	5-TACCTACC	5.306953	-8.790140	0	T:163.0(9.81%),B:2238.5(7.30%),P:1e-3	Tpos:44.6,Tstd:26.0,Bpos:50.1,Bstd:28.1,StrandBias:0.1,Multiplicity:1.24
0.152	0.050	0.086	0.712
0.843	0.023	0.012	0.122
0.167	0.601	0.166	0.066
0.052	0.771	0.065	0.112
0.079	0.074	0.151	0.696
0.705	0.112	0.028	0.155
0.016	0.922	0.047	0.015
0.052	0.766	0.073	0.109
>GAAGGAAG	6-GAAGGAAG	6.638222	-8.378330	0	T:119.0(7.16%),B:1558.2(5.08%),P:1e-3	Tpos:44.7,Tstd:24.6,Bpos:48.0,Bstd:28.3,StrandBias:0.4,Multiplicity:1.96
0.001	0.001	0.997	0.001
0.997	0.001	0.001	0.001
0.942	0.001	0.056	0.001
0.001	0.001	0.904	0.094
0.001	0.098	0.900	0.001
0.733	0.118	0.148	0.001
0.997	0.001	0.001	0.001
0.001	0.001	0.997	0.001
>CGATCCRT	7-CGATCCRT	6.950784	-3.383497	0	T:48.0(2.89%),B:663.7(2.16%),P:1e-1	Tpos:50.6,Tstd:24.4,Bpos:49.9,Bstd:26.2,StrandBias:0.4,Multiplicity:1.77
0.001	0.853	0.026	0.120
0.099	0.295	0.535	0.071
0.928	0.005	0.035	0.032
0.006	0.045	0.040	0.909
0.063	0.667	0.259	0.011
0.011	0.959	0.029	0.001
0.541	0.035	0.423	0.001
0.085	0.063	0.002	0.850
>ATATATAT	8-ATATATAT	8.084703	-2.967272	0	T:89.0(5.35%),B:1367.9(4.46%),P:1e-1	Tpos:48.1,Tstd:21.7,Bpos:47.0,Bstd:29.0,StrandBias:0.0,Multiplicity:1.27
0.907	0.091	0.001	0.001
0.096	0.143	0.132	0.629
0.997	0.001	0.001	0.001
0.054	0.067	0.001	0.878
0.997	0.001	0.001	0.001
0.001	0.001	0.001	0.997
0.997	0.001	0.001	0.001
0.001	0.001	0.001	0.997
