>TCTGCTGAAT	1-TCTGCTGAAT	7.799750	-35.934997	0	T:36.0(2.17%),B:101.0(0.33%),P:1e-15	Tpos:48.0,Tstd:27.3,Bpos:49.1,Bstd:27.8,StrandBias:0.5,Multiplicity:1.00
0.272	0.174	0.130	0.424
0.019	0.651	0.052	0.278
0.290	0.004	0.026	0.680
0.258	0.030	0.665	0.047
0.139	0.550	0.169	0.142
0.042	0.012	0.015	0.931
0.028	0.039	0.913	0.020
0.453	0.015	0.243	0.289
0.579	0.103	0.049	0.269
0.044	0.180	0.237	0.539
>AGATGWCTTC	2-AGATGWCTTC	7.344763	-29.135435	0	T:36.0(2.17%),B:133.0(0.43%),P:1e-12	Tpos:51.0,Tstd:28.2,Bpos:47.4,Bstd:26.1,StrandBias:0.0,Multiplicity:1.00
0.482	0.026	0.271	0.221
0.247	0.039	0.481	0.233
0.874	0.032	0.042	0.052
0.067	0.022	0.254	0.657
0.114	0.250	0.595	0.041
0.424	0.224	0.026	0.326
0.178	0.583	0.038	0.201
0.049	0.058	0.041	0.852
0.063	0.290	0.080	0.567
0.203	0.526	0.019	0.252
>GGTGTTTCCT	3-GGTGTTTCCT	8.955939	-28.929480	0	T:40.0(2.41%),B:165.3(0.54%),P:1e-12	Tpos:45.5,Tstd:27.3,Bpos:52.9,Bstd:27.5,StrandBias:-1.2,Multiplicity:1.00
0.001	0.001	0.923	0.075
0.092	0.001	0.875	0.032
0.001	0.001	0.317	0.681
0.044	0.001	0.679	0.276
0.109	0.122	0.001	0.768
0.001	0.074	0.001	0.924
0.001	0.001	0.001	0.997
0.099	0.751	0.044	0.106
0.038	0.825	0.001	0.136
0.001	0.215	0.001	0.783
>AAACAGTATT	4-AAACAGTATT	9.600516	-24.341424	0	T:28.0(1.68%),B:96.8(0.32%),P:1e-10	Tpos:56.4,Tstd:25.2,Bpos:50.1,Bstd:25.4,StrandBias:0.2,Multiplicity:1.00
0.936	0.001	0.062	0.001
0.924	0.032	0.043	0.001
0.960	0.001	0.038	0.001
0.001	0.904	0.060	0.035
0.956	0.001	0.001	0.042
0.029	0.135	0.835	0.001
0.001	0.073	0.168	0.758
0.892	0.001	0.001	0.106
0.001	0.017	0.063	0.919
0.001	0.042	0.001	0.956
>GTAGGTAAGT	5-GTAGGTAAGT	9.302385	-21.311476	0	T:23.0(1.38%),B:74.0(0.24%),P:1e-9	Tpos:34.5,Tstd:21.6,Bpos:52.2,Bstd:21.5,StrandBias:0.9,Multiplicity:1.09
0.001	0.057	0.941	0.001
0.001	0.001	0.031	0.967
0.917	0.001	0.045	0.037
0.001	0.001	0.970	0.028
0.045	0.058	0.896	0.001
0.060	0.001	0.023	0.916
0.970	0.001	0.001	0.028
0.547	0.001	0.386	0.066
0.001	0.001	0.954	0.044
0.028	0.001	0.001	0.970
>GTCAAAAAGA	6-GTCAAAAAGA	7.945577	-20.793998	0	T:41.0(2.47%),B:234.9(0.77%),P:1e-9	Tpos:44.3,Tstd:30.3,Bpos:47.4,Bstd:28.0,StrandBias:-0.6,Multiplicity:1.05
0.001	0.049	0.926	0.024
0.050	0.034	0.029	0.887
0.034	0.931	0.034	0.001
0.896	0.061	0.001	0.042
0.931	0.034	0.001	0.034
0.753	0.151	0.074	0.022
0.961	0.001	0.037	0.001
0.818	0.074	0.034	0.074
0.001	0.001	0.961	0.037
0.961	0.001	0.001	0.037
>GGGGGGCGCA	7-GGGGGGCGCA	10.663965	-20.244096	0	T:12.0(0.72%),B:14.1(0.05%),P:1e-8	Tpos:46.7,Tstd:21.8,Bpos:60.4,Bstd:26.4,StrandBias:0.5,Multiplicity:1.00
0.001	0.001	0.997	0.001
0.001	0.001	0.997	0.001
0.001	0.001	0.997	0.001
0.001	0.001	0.899	0.099
0.001	0.001	0.997	0.001
0.001	0.001	0.997	0.001
0.001	0.738	0.260	0.001
0.051	0.001	0.819	0.129
0.001	0.899	0.099	0.001
0.770	0.001	0.100	0.129
>WTAATATCTC	8-WTAATATCTC	8.881469	-19.627677	0	T:27.0(1.62%),B:114.2(0.37%),P:1e-8	Tpos:48.3,Tstd:25.2,Bpos:47.7,Bstd:28.4,StrandBias:0.8,Multiplicity:1.00
0.325	0.224	0.001	0.450
0.017	0.139	0.178	0.666
0.597	0.383	0.001	0.019
0.911	0.060	0.001	0.028
0.206	0.303	0.029	0.463
0.594	0.133	0.001	0.272
0.240	0.216	0.036	0.508
0.049	0.777	0.046	0.128
0.001	0.017	0.001	0.981
0.007	0.930	0.062	0.001
>AAGGCTCCAA	9-AAGGCTCCAA	7.305312	-18.720919	0	T:51.0(3.07%),B:362.5(1.18%),P:1e-8	Tpos:47.0,Tstd:26.3,Bpos:51.3,Bstd:27.4,StrandBias:0.3,Multiplicity:1.00
0.862	0.068	0.047	0.023
0.832	0.034	0.083	0.051
0.091	0.049	0.804	0.056
0.089	0.059	0.796	0.056
0.053	0.719	0.141	0.087
0.052	0.076	0.048	0.824
0.095	0.829	0.020	0.056
0.122	0.763	0.044	0.071
0.738	0.097	0.089	0.076
0.844	0.041	0.068	0.047
>CCTCTGGCTT	10-CCTCTGGCTT	8.360803	-18.558755	0	T:51.0(3.07%),B:364.5(1.19%),P:1e-8	Tpos:51.2,Tstd:28.7,Bpos:50.7,Bstd:28.5,StrandBias:-0.9,Multiplicity:1.04
0.091	0.686	0.071	0.152
0.163	0.732	0.049	0.056
0.125	0.039	0.159	0.677
0.021	0.886	0.001	0.092
0.288	0.001	0.001	0.710
0.042	0.001	0.956	0.001
0.041	0.054	0.903	0.002
0.076	0.843	0.001	0.080
0.147	0.001	0.001	0.851
0.113	0.021	0.024	0.842
>CGTGTCCACT	11-CGTGTCCACT	10.242853	-18.038441	0	T:11.0(0.66%),B:15.0(0.05%),P:1e-7	Tpos:40.3,Tstd:24.6,Bpos:53.7,Bstd:22.8,StrandBias:1.4,Multiplicity:1.00
0.001	0.945	0.001	0.053
0.001	0.061	0.853	0.085
0.001	0.001	0.001	0.997
0.001	0.001	0.997	0.001
0.001	0.109	0.001	0.889
0.001	0.889	0.109	0.001
0.001	0.928	0.001	0.070
0.805	0.109	0.001	0.085
0.036	0.794	0.085	0.085
0.001	0.001	0.001	0.997
>GATAAGCAAG	12-GATAAGCAAG	10.134663	-17.928177	0	T:14.0(0.84%),B:29.2(0.10%),P:1e-7	Tpos:60.3,Tstd:25.6,Bpos:58.2,Bstd:21.9,StrandBias:2.8,Multiplicity:1.14
0.001	0.001	0.965	0.033
0.683	0.270	0.001	0.046
0.001	0.060	0.001	0.938
0.997	0.001	0.001	0.001
0.904	0.001	0.001	0.094
0.089	0.001	0.909	0.001
0.041	0.927	0.001	0.031
0.904	0.094	0.001	0.001
0.957	0.001	0.041	0.001
0.001	0.001	0.925	0.073
>TCTATTCTAT	13-TCTATTCTAT	10.855091	-15.619336	0	T:16.0(0.96%),B:50.7(0.17%),P:1e-6	Tpos:54.6,Tstd:26.2,Bpos:52.9,Bstd:29.9,StrandBias:-0.5,Multiplicity:1.80
0.001	0.001	0.001	0.997
0.001	0.997	0.001	0.001
0.001	0.001	0.001	0.997
0.906	0.001	0.001	0.092
0.001	0.001	0.094	0.904
0.001	0.001	0.001	0.997
0.001	0.997	0.001	0.001
0.001	0.001	0.108	0.890
0.997	0.001	0.001	0.001
0.001	0.001	0.069	0.929
>CCTTCTGATG	14-CCTTCTGATG	10.978306	-15.184123	0	T:12.0(0.72%),B:26.4(0.09%),P:1e-6	Tpos:53.6,Tstd:30.4,Bpos:44.7,Bstd:27.7,StrandBias:0.0,Multiplicity:1.00
0.001	0.997	0.001	0.001
0.001	0.997	0.001	0.001
0.001	0.146	0.001	0.852
0.001	0.001	0.001	0.997
0.001	0.893	0.001	0.105
0.001	0.001	0.001	0.997
0.001	0.001	0.997	0.001
0.997	0.001	0.001	0.001
0.075	0.001	0.083	0.841
0.001	0.001	0.997	0.001
>ACAGAGCTCT	15-ACAGAGCTCT	7.470711	-13.392521	0	T:48.0(2.89%),B:401.3(1.31%),P:1e-5	Tpos:45.1,Tstd:24.9,Bpos:51.6,Bstd:29.1,StrandBias:0.1,Multiplicity:1.00
0.801	0.072	0.062	0.065
0.067	0.797	0.063	0.073
0.809	0.071	0.024	0.096
0.082	0.066	0.787	0.065
0.844	0.016	0.078	0.062
0.019	0.138	0.776	0.067
0.064	0.821	0.053	0.062
0.034	0.060	0.019	0.887
0.095	0.691	0.126	0.088
0.071	0.095	0.040	0.794
>CTGTGGTTAC	16-CTGTGGTTAC	10.296193	-10.950731	0	T:5.0(0.30%),B:3.6(0.01%),P:1e-4	Tpos:40.6,Tstd:24.3,Bpos:50.3,Bstd:13.4,StrandBias:2.0,Multiplicity:1.00
0.100	0.700	0.100	0.100
0.100	0.100	0.100	0.700
0.100	0.100	0.700	0.100
0.100	0.100	0.100	0.700
0.100	0.100	0.700	0.100
0.100	0.100	0.700	0.100
0.100	0.100	0.100	0.700
0.100	0.100	0.100	0.700
0.700	0.100	0.100	0.100
0.100	0.700	0.100	0.100
>TGGCCTAGGC	17-TGGCCTAGGC	12.335319	-9.250750	0	T:4.0(0.24%),B:2.5(0.01%),P:1e-4	Tpos:40.3,Tstd:15.2,Bpos:23.6,Bstd:8.2,StrandBias:1.0,Multiplicity:1.00
0.001	0.001	0.001	0.997
0.001	0.001	0.997	0.001
0.001	0.001	0.997	0.001
0.001	0.997	0.001	0.001
0.001	0.997	0.001	0.001
0.001	0.001	0.001	0.997
0.997	0.001	0.001	0.001
0.001	0.001	0.997	0.001
0.223	0.001	0.775	0.001
0.001	0.997	0.001	0.001
>CCTTCCWTCC	18-CCTTCCWTCC	8.664887	-8.124509	0	T:50.0(3.01%),B:532.4(1.74%),P:1e-3	Tpos:44.4,Tstd:22.6,Bpos:47.6,Bstd:27.3,StrandBias:-0.5,Multiplicity:1.16
0.036	0.913	0.050	0.001
0.001	0.718	0.001	0.280
0.381	0.001	0.001	0.617
0.001	0.132	0.019	0.848
0.145	0.853	0.001	0.001
0.001	0.919	0.079	0.001
0.418	0.110	0.001	0.471
0.079	0.057	0.001	0.863
0.299	0.687	0.013	0.001
0.001	0.863	0.079	0.057
>AAATAYWWAT	19-AAATAYWWAT	7.394551	-7.115840	0	T:22.0(1.32%),B:181.8(0.59%),P:1e-3	Tpos:51.8,Tstd:25.9,Bpos:47.7,Bstd:25.6,StrandBias:1.1,Multiplicity:1.09
0.655	0.334	0.007	0.004
0.433	0.110	0.229	0.228
0.566	0.162	0.010	0.262
0.109	0.011	0.352	0.528
0.577	0.189	0.230	0.004
0.209	0.372	0.079	0.341
0.468	0.004	0.066	0.462
0.368	0.009	0.145	0.478
0.841	0.094	0.060	0.005
0.209	0.117	0.173	0.501
>ACACCCACAC	20-ACACCCACAC	7.342189	-6.987557	0	T:93.0(5.60%),B:1211.3(3.95%),P:1e-3	Tpos:47.1,Tstd:22.5,Bpos:51.1,Bstd:24.0,StrandBias:0.7,Multiplicity:1.12
0.745	0.100	0.095	0.060
0.109	0.731	0.079	0.081
0.787	0.073	0.023	0.117
0.070	0.839	0.060	0.031
0.032	0.829	0.083	0.056
0.047	0.889	0.023	0.041
0.791	0.066	0.029	0.114
0.101	0.785	0.067	0.047
0.733	0.031	0.107	0.129
0.042	0.878	0.053	0.027
