>TCTGCTGAAT	1-TCTGCTGAAT	7.799750	-35.934997	0	T:36.0(2.17%),B:101.0(0.33%),P:1e-15	Tpos:48.0,Tstd:27.3,Bpos:49.1,Bstd:27.8,StrandBias:0.5,Multiplicity:1.00
0.272	0.174	0.130	0.424
0.019	0.651	0.052	0.278
0.290	0.004	0.026	0.680
0.258	0.030	0.665	0.047
0.139	0.550	0.169	0.142
0.042	0.012	0.015	0.931
0.028	0.039	0.913	0.020
0.453	0.015	0.243	0.289
0.579	0.103	0.049	0.269
0.044	0.180	0.237	0.539
>AGATGWCTTC	2-AGATGWCTTC	7.344763	-29.135435	0	T:36.0(2.17%),B:133.0(0.43%),P:1e-12	Tpos:51.0,Tstd:28.2,Bpos:47.4,Bstd:26.1,StrandBias:0.0,Multiplicity:1.00
0.482	0.026	0.271	0.221
0.247	0.039	0.481	0.233
0.874	0.032	0.042	0.052
0.067	0.022	0.254	0.657
0.114	0.250	0.595	0.041
0.424	0.224	0.026	0.326
0.178	0.583	0.038	0.201
0.049	0.058	0.041	0.852
0.063	0.290	0.080	0.567
0.203	0.526	0.019	0.252
>GGTGTTTCCT	3-GGTGTTTCCT	8.955939	-28.929480	0	T:40.0(2.41%),B:165.3(0.54%),P:1e-12	Tpos:45.5,Tstd:27.3,Bpos:52.9,Bstd:27.5,StrandBias:-1.2,Multiplicity:1.00
0.001	0.001	0.923	0.075
0.092	0.001	0.875	0.032
0.001	0.001	0.317	0.681
0.044	0.001	0.679	0.276
0.109	0.122	0.001	0.768
0.001	0.074	0.001	0.924
0.001	0.001	0.001	0.997
0.099	0.751	0.044	0.106
0.038	0.825	0.001	0.136
0.001	0.215	0.001	0.783
>AAACAGTATT	4-AAACAGTATT	9.600516	-24.341424	0	T:28.0(1.68%),B:96.8(0.32%),P:1e-10	Tpos:56.4,Tstd:25.2,Bpos:50.1,Bstd:25.4,StrandBias:0.2,Multiplicity:1.00
0.936	0.001	0.062	0.001
0.924	0.032	0.043	0.001
0.960	0.001	0.038	0.001
0.001	0.904	0.060	0.035
0.956	0.001	0.001	0.042
0.029	0.135	0.835	0.001
0.001	0.073	0.168	0.758
0.892	0.001	0.001	0.106
0.001	0.017	0.063	0.919
0.001	0.042	0.001	0.956
>GTAGGTAAGT	5-GTAGGTAAGT	9.302385	-21.311476	0	T:23.0(1.38%),B:74.0(0.24%),P:1e-9	Tpos:34.5,Tstd:21.6,Bpos:52.2,Bstd:21.5,StrandBias:0.9,Multiplicity:1.09
0.001	0.057	0.941	0.001
0.001	0.001	0.031	0.967
0.917	0.001	0.045	0.037
0.001	0.001	0.970	0.028
0.045	0.058	0.896	0.001
0.060	0.001	0.023	0.916
0.970	0.001	0.001	0.028
0.547	0.001	0.386	0.066
0.001	0.001	0.954	0.044
0.028	0.001	0.001	0.970
>GTCAAAAAGA	6-GTCAAAAAGA	7.945577	-20.793998	0	T:41.0(2.47%),B:234.9(0.77%),P:1e-9	Tpos:44.3,Tstd:30.3,Bpos:47.4,Bstd:28.0,StrandBias:-0.6,Multiplicity:1.05
0.001	0.049	0.926	0.024
0.050	0.034	0.029	0.887
0.034	0.931	0.034	0.001
0.896	0.061	0.001	0.042
0.931	0.034	0.001	0.034
0.753	0.151	0.074	0.022
0.961	0.001	0.037	0.001
0.818	0.074	0.034	0.074
0.001	0.001	0.961	0.037
0.961	0.001	0.001	0.037
>GGGGGGCGCA	7-GGGGGGCGCA	10.663965	-20.244096	0	T:12.0(0.72%),B:14.1(0.05%),P:1e-8	Tpos:46.7,Tstd:21.8,Bpos:60.4,Bstd:26.4,StrandBias:0.5,Multiplicity:1.00
0.001	0.001	0.997	0.001
0.001	0.001	0.997	0.001
0.001	0.001	0.997	0.001
0.001	0.001	0.899	0.099
0.001	0.001	0.997	0.001
0.001	0.001	0.997	0.001
0.001	0.738	0.260	0.001
0.051	0.001	0.819	0.129
0.001	0.899	0.099	0.001
0.770	0.001	0.100	0.129
>WTAATATCTC	8-WTAATATCTC	8.881469	-19.627677	0	T:27.0(1.62%),B:114.2(0.37%),P:1e-8	Tpos:48.3,Tstd:25.2,Bpos:47.7,Bstd:28.4,StrandBias:0.8,Multiplicity:1.00
0.325	0.224	0.001	0.450
0.017	0.139	0.178	0.666
0.597	0.383	0.001	0.019
0.911	0.060	0.001	0.028
0.206	0.303	0.029	0.463
0.594	0.133	0.001	0.272
0.240	0.216	0.036	0.508
0.049	0.777	0.046	0.128
0.001	0.017	0.001	0.981
0.007	0.930	0.062	0.001
>AAGGCTCCAA	9-AAGGCTCCAA	7.305312	-18.720919	0	T:51.0(3.07%),B:362.5(1.18%),P:1e-8	Tpos:47.0,Tstd:26.3,Bpos:51.3,Bstd:27.4,StrandBias:0.3,Multiplicity:1.00
0.862	0.068	0.047	0.023
0.832	0.034	0.083	0.051
0.091	0.049	0.804	0.056
0.089	0.059	0.796	0.056
0.053	0.719	0.141	0.087
0.052	0.076	0.048	0.824
0.095	0.829	0.020	0.056
0.122	0.763	0.044	0.071
0.738	0.097	0.089	0.076
0.844	0.041	0.068	0.047
>CCTCTGGCTT	10-CCTCTGGCTT	8.360803	-18.558755	0	T:51.0(3.07%),B:364.5(1.19%),P:1e-8	Tpos:51.2,Tstd:28.7,Bpos:50.7,Bstd:28.5,StrandBias:-0.9,Multiplicity:1.04
0.091	0.686	0.071	0.152
0.163	0.732	0.049	0.056
0.125	0.039	0.159	0.677
0.021	0.886	0.001	0.092
0.288	0.001	0.001	0.710
0.042	0.001	0.956	0.001
0.041	0.054	0.903	0.002
0.076	0.843	0.001	0.080
0.147	0.001	0.001	0.851
0.113	0.021	0.024	0.842
>CGTGTCCACT	11-CGTGTCCACT	10.242853	-18.038441	0	T:11.0(0.66%),B:15.0(0.05%),P:1e-7	Tpos:40.3,Tstd:24.6,Bpos:53.7,Bstd:22.8,StrandBias:1.4,Multiplicity:1.00
0.001	0.945	0.001	0.053
0.001	0.061	0.853	0.085
0.001	0.001	0.001	0.997
0.001	0.001	0.997	0.001
0.001	0.109	0.001	0.889
0.001	0.889	0.109	0.001
0.001	0.928	0.001	0.070
0.805	0.109	0.001	0.085
0.036	0.794	0.085	0.085
0.001	0.001	0.001	0.997
>GATAAGCAAG	12-GATAAGCAAG	10.134663	-17.928177	0	T:14.0(0.84%),B:29.2(0.10%),P:1e-7	Tpos:60.3,Tstd:25.6,Bpos:58.2,Bstd:21.9,StrandBias:2.8,Multiplicity:1.14
0.001	0.001	0.965	0.033
0.683	0.270	0.001	0.046
0.001	0.060	0.001	0.938
0.997	0.001	0.001	0.001
0.904	0.001	0.001	0.094
0.089	0.001	0.909	0.001
0.041	0.927	0.001	0.031
0.904	0.094	0.001	0.001
0.957	0.001	0.041	0.001
0.001	0.001	0.925	0.073
>TCTATTCTAT	13-TCTATTCTAT	10.855091	-15.619336	0	T:16.0(0.96%),B:50.7(0.17%),P:1e-6	Tpos:54.6,Tstd:26.2,Bpos:52.9,Bstd:29.9,StrandBias:-0.5,Multiplicity:1.80
0.001	0.001	0.001	0.997
0.001	0.997	0.001	0.001
0.001	0.001	0.001	0.997
0.906	0.001	0.001	0.092
0.001	0.001	0.094	0.904
0.001	0.001	0.001	0.997
0.001	0.997	0.001	0.001
0.001	0.001	0.108	0.890
0.997	0.001	0.001	0.001
0.001	0.001	0.069	0.929
>CCTTCTGATG	14-CCTTCTGATG	10.978306	-15.184123	0	T:12.0(0.72%),B:26.4(0.09%),P:1e-6	Tpos:53.6,Tstd:30.4,Bpos:44.7,Bstd:27.7,StrandBias:0.0,Multiplicity:1.00
0.001	0.997	0.001	0.001
0.001	0.997	0.001	0.001
0.001	0.146	0.001	0.852
0.001	0.001	0.001	0.997
0.001	0.893	0.001	0.105
0.001	0.001	0.001	0.997
0.001	0.001	0.997	0.001
0.997	0.001	0.001	0.001
0.075	0.001	0.083	0.841
0.001	0.001	0.997	0.001
>ACAGAGCTCT	15-ACAGAGCTCT	7.470711	-13.392521	0	T:48.0(2.89%),B:401.3(1.31%),P:1e-5	Tpos:45.1,Tstd:24.9,Bpos:51.6,Bstd:29.1,StrandBias:0.1,Multiplicity:1.00
0.801	0.072	0.062	0.065
0.067	0.797	0.063	0.073
0.809	0.071	0.024	0.096
0.082	0.066	0.787	0.065
0.844	0.016	0.078	0.062
0.019	0.138	0.776	0.067
0.064	0.821	0.053	0.062
0.034	0.060	0.019	0.887
0.095	0.691	0.126	0.088
0.071	0.095	0.040	0.794
>CTGTGGTTAC	16-CTGTGGTTAC	10.296193	-10.950731	0	T:5.0(0.30%),B:3.6(0.01%),P:1e-4	Tpos:40.6,Tstd:24.3,Bpos:50.3,Bstd:13.4,StrandBias:2.0,Multiplicity:1.00
0.100	0.700	0.100	0.100
0.100	0.100	0.100	0.700
0.100	0.100	0.700	0.100
0.100	0.100	0.100	0.700
0.100	0.100	0.700	0.100
0.100	0.100	0.700	0.100
0.100	0.100	0.100	0.700
0.100	0.100	0.100	0.700
0.700	0.100	0.100	0.100
0.100	0.700	0.100	0.100
>TGGCCTAGGC	17-TGGCCTAGGC	12.335319	-9.250750	0	T:4.0(0.24%),B:2.5(0.01%),P:1e-4	Tpos:40.3,Tstd:15.2,Bpos:23.6,Bstd:8.2,StrandBias:1.0,Multiplicity:1.00
0.001	0.001	0.001	0.997
0.001	0.001	0.997	0.001
0.001	0.001	0.997	0.001
0.001	0.997	0.001	0.001
0.001	0.997	0.001	0.001
0.001	0.001	0.001	0.997
0.997	0.001	0.001	0.001
0.001	0.001	0.997	0.001
0.223	0.001	0.775	0.001
0.001	0.997	0.001	0.001
>CCTTCCWTCC	18-CCTTCCWTCC	8.664887	-8.124509	0	T:50.0(3.01%),B:532.4(1.74%),P:1e-3	Tpos:44.4,Tstd:22.6,Bpos:47.6,Bstd:27.3,StrandBias:-0.5,Multiplicity:1.16
0.036	0.913	0.050	0.001
0.001	0.718	0.001	0.280
0.381	0.001	0.001	0.617
0.001	0.132	0.019	0.848
0.145	0.853	0.001	0.001
0.001	0.919	0.079	0.001
0.418	0.110	0.001	0.471
0.079	0.057	0.001	0.863
0.299	0.687	0.013	0.001
0.001	0.863	0.079	0.057
>AAATAYWWAT	19-AAATAYWWAT	7.394551	-7.115840	0	T:22.0(1.32%),B:181.8(0.59%),P:1e-3	Tpos:51.8,Tstd:25.9,Bpos:47.7,Bstd:25.6,StrandBias:1.1,Multiplicity:1.09
0.655	0.334	0.007	0.004
0.433	0.110	0.229	0.228
0.566	0.162	0.010	0.262
0.109	0.011	0.352	0.528
0.577	0.189	0.230	0.004
0.209	0.372	0.079	0.341
0.468	0.004	0.066	0.462
0.368	0.009	0.145	0.478
0.841	0.094	0.060	0.005
0.209	0.117	0.173	0.501
>ACACCCACAC	20-ACACCCACAC	7.342189	-6.987557	0	T:93.0(5.60%),B:1211.3(3.95%),P:1e-3	Tpos:47.1,Tstd:22.5,Bpos:51.1,Bstd:24.0,StrandBias:0.7,Multiplicity:1.12
0.745	0.100	0.095	0.060
0.109	0.731	0.079	0.081
0.787	0.073	0.023	0.117
0.070	0.839	0.060	0.031
0.032	0.829	0.083	0.056
0.047	0.889	0.023	0.041
0.791	0.066	0.029	0.114
0.101	0.785	0.067	0.047
0.733	0.031	0.107	0.129
0.042	0.878	0.053	0.027
>CTATTTGARGAG	1-CTATTTGARGAG	8.446557	-32.291111	0	T:53.0(3.19%),B:255.5(0.83%),P:1e-14	Tpos:48.8,Tstd:27.3,Bpos:46.4,Bstd:24.9,StrandBias:-0.2,Multiplicity:1.00
0.073	0.787	0.123	0.017
0.178	0.259	0.001	0.562
0.833	0.016	0.021	0.130
0.051	0.001	0.001	0.947
0.001	0.021	0.061	0.917
0.171	0.001	0.093	0.735
0.037	0.057	0.759	0.147
0.737	0.001	0.201	0.061
0.321	0.001	0.448	0.230
0.234	0.001	0.764	0.001
0.835	0.021	0.041	0.103
0.260	0.021	0.657	0.062
>TCTGCTGAATGT	2-TCTGCTGAATGT	9.850789	-27.167803	0	T:26.0(1.56%),B:70.7(0.23%),P:1e-11	Tpos:51.9,Tstd:27.2,Bpos:55.7,Bstd:24.8,StrandBias:0.2,Multiplicity:1.00
0.001	0.001	0.053	0.945
0.051	0.897	0.051	0.001
0.002	0.001	0.051	0.946
0.051	0.153	0.795	0.001
0.091	0.756	0.051	0.102
0.051	0.001	0.051	0.897
0.001	0.001	0.997	0.001
0.719	0.001	0.142	0.138
0.744	0.154	0.051	0.051
0.001	0.051	0.051	0.897
0.073	0.001	0.770	0.156
0.093	0.156	0.102	0.649
>CAGAAATCATAC	3-CAGAAATCATAC	10.267300	-24.679139	0	T:22.0(1.32%),B:54.0(0.18%),P:1e-10	Tpos:48.7,Tstd:24.5,Bpos:47.9,Bstd:27.4,StrandBias:0.4,Multiplicity:1.00
0.150	0.774	0.001	0.075
0.679	0.001	0.001	0.319
0.001	0.074	0.924	0.001
0.919	0.075	0.001	0.005
0.688	0.001	0.231	0.080
0.684	0.001	0.314	0.001
0.001	0.001	0.074	0.924
0.001	0.924	0.074	0.001
0.924	0.001	0.001	0.074
0.075	0.075	0.079	0.771
0.919	0.005	0.001	0.075
0.001	0.604	0.005	0.390
>TGGACTCTGGGA	4-TGGACTCTGGGA	13.857843	-23.759303	0	T:8.0(0.48%),B:0.7(0.00%),P:1e-10	Tpos:55.5,Tstd:23.5,Bpos:70.0,Bstd:0.0,StrandBias:-0.7,Multiplicity:1.00
0.001	0.001	0.142	0.856
0.001	0.001	0.856	0.142
0.143	0.143	0.713	0.001
0.856	0.142	0.001	0.001
0.001	0.997	0.001	0.001
0.001	0.001	0.001	0.997
0.001	0.997	0.001	0.001
0.142	0.001	0.001	0.856
0.001	0.001	0.997	0.001
0.001	0.001	0.997	0.001
0.001	0.001	0.997	0.001
0.997	0.001	0.001	0.001
>CACCCCTTCCAC	5-CACCCCTTCCAC	10.508940	-22.260729	0	T:27.0(1.62%),B:99.0(0.32%),P:1e-9	Tpos:48.5,Tstd:24.6,Bpos:47.5,Bstd:26.9,StrandBias:0.8,Multiplicity:1.04
0.160	0.740	0.099	0.001
0.828	0.170	0.001	0.001
0.001	0.717	0.281	0.001
0.001	0.808	0.001	0.190
0.001	0.700	0.001	0.298
0.001	0.997	0.001	0.001
0.420	0.001	0.001	0.578
0.099	0.364	0.001	0.536
0.001	0.997	0.001	0.001
0.001	0.997	0.001	0.001
0.644	0.354	0.001	0.001
0.416	0.580	0.003	0.001
>GTGGCTGATGTG	6-GTGGCTGATGTG	11.032462	-21.828779	0	T:11.0(0.66%),B:8.5(0.03%),P:1e-9	Tpos:47.7,Tstd:23.9,Bpos:40.9,Bstd:20.1,StrandBias:2.2,Multiplicity:1.00
0.085	0.243	0.671	0.001
0.080	0.001	0.001	0.918
0.162	0.001	0.752	0.085
0.001	0.001	0.997	0.001
0.242	0.756	0.001	0.001
0.085	0.001	0.001	0.913
0.081	0.005	0.833	0.081
0.752	0.004	0.001	0.243
0.081	0.001	0.081	0.837
0.001	0.080	0.918	0.001
0.162	0.001	0.081	0.756
0.001	0.080	0.918	0.001
>GACTGCAGGGCC	7-GACTGCAGGGCC	11.200855	-21.828779	0	T:11.0(0.66%),B:8.1(0.03%),P:1e-9	Tpos:48.4,Tstd:30.9,Bpos:70.6,Bstd:19.7,StrandBias:0.8,Multiplicity:1.00
0.001	0.001	0.872	0.126
0.882	0.116	0.001	0.001
0.001	0.872	0.001	0.126
0.129	0.001	0.001	0.869
0.001	0.001	0.997	0.001
0.001	0.854	0.144	0.001
0.756	0.001	0.001	0.242
0.001	0.001	0.774	0.224
0.126	0.001	0.872	0.001
0.001	0.271	0.630	0.098
0.253	0.745	0.001	0.001
0.001	0.872	0.126	0.001
>TTGGTGTTTCCT	8-TTGGTGTTTCCT	13.441732	-21.608635	0	T:8.0(0.48%),B:1.7(0.01%),P:1e-9	Tpos:44.8,Tstd:27.8,Bpos:16.7,Bstd:9.1,StrandBias:-0.7,Multiplicity:1.00
0.101	0.001	0.001	0.897
0.001	0.001	0.001	0.997
0.001	0.001	0.977	0.021
0.102	0.079	0.717	0.102
0.001	0.001	0.101	0.897
0.001	0.001	0.897	0.101
0.001	0.001	0.001	0.997
0.001	0.001	0.001	0.997
0.001	0.001	0.001	0.997
0.102	0.795	0.102	0.001
0.001	0.997	0.001	0.001
0.001	0.078	0.001	0.920
>TCTATTCTATCC	9-TCTATTCTATCC	13.059488	-21.420848	0	T:12.0(0.72%),B:12.7(0.04%),P:1e-9	Tpos:53.2,Tstd:21.2,Bpos:47.9,Bstd:33.0,StrandBias:-0.9,Multiplicity:1.00
0.001	0.001	0.001	0.997
0.001	0.997	0.001	0.001
0.001	0.001	0.001	0.997
0.602	0.007	0.001	0.390
0.001	0.001	0.140	0.858
0.001	0.001	0.001	0.997
0.001	0.858	0.140	0.001
0.001	0.001	0.001	0.997
0.997	0.001	0.001	0.001
0.001	0.001	0.001	0.997
0.001	0.685	0.001	0.313
0.001	0.577	0.421	0.001
>GGGTCCTTCCTT	10-GGGTCCTTCCTT	13.585830	-20.162056	0	T:10.0(0.60%),B:7.5(0.02%),P:1e-8	Tpos:51.1,Tstd:21.8,Bpos:36.7,Bstd:26.1,StrandBias:-0.3,Multiplicity:1.00
0.001	0.001	0.890	0.108
0.001	0.001	0.997	0.001
0.001	0.140	0.858	0.001
0.001	0.001	0.001	0.997
0.001	0.858	0.001	0.140
0.001	0.890	0.001	0.108
0.108	0.001	0.001	0.890
0.001	0.140	0.001	0.858
0.001	0.997	0.001	0.001
0.001	0.997	0.001	0.001
0.108	0.001	0.001	0.890
0.001	0.001	0.001	0.997
>GACAACACATTT	11-GACAACACATTT	9.272198	-19.778271	0	T:14.0(0.84%),B:24.9(0.08%),P:1e-8	Tpos:47.2,Tstd:23.3,Bpos:46.1,Bstd:24.1,StrandBias:0.0,Multiplicity:1.00
0.159	0.126	0.597	0.118
0.683	0.102	0.094	0.121
0.220	0.529	0.141	0.110
0.707	0.107	0.053	0.133
0.703	0.079	0.105	0.113
0.165	0.583	0.130	0.122
0.745	0.079	0.050	0.126
0.134	0.622	0.109	0.135
0.720	0.098	0.047	0.135
0.120	0.099	0.080	0.701
0.104	0.093	0.093	0.710
0.099	0.104	0.095	0.702
>CAAAAATCAAGG	12-CAAAAATCAAGG	11.177942	-19.382104	0	T:14.0(0.84%),B:25.1(0.08%),P:1e-8	Tpos:45.1,Tstd:27.2,Bpos:45.3,Bstd:24.5,StrandBias:1.3,Multiplicity:1.00
0.079	0.813	0.059	0.049
0.566	0.229	0.049	0.156
0.843	0.003	0.078	0.076
0.881	0.001	0.042	0.076
0.862	0.136	0.001	0.001
0.923	0.001	0.075	0.001
0.153	0.003	0.119	0.725
0.001	0.846	0.001	0.152
0.996	0.002	0.001	0.001
0.920	0.001	0.001	0.078
0.001	0.001	0.997	0.001
0.288	0.001	0.649	0.062
>ATGTCTTTATAT	13-ATGTCTTTATAT	10.738566	-19.188684	0	T:29.0(1.74%),B:134.6(0.44%),P:1e-8	Tpos:46.4,Tstd:27.8,Bpos:50.1,Bstd:25.3,StrandBias:0.1,Multiplicity:1.07
0.777	0.095	0.001	0.127
0.001	0.001	0.001	0.997
0.001	0.060	0.892	0.047
0.001	0.001	0.121	0.877
0.109	0.624	0.150	0.117
0.160	0.001	0.001	0.838
0.001	0.001	0.001	0.997
0.060	0.030	0.001	0.909
0.718	0.108	0.001	0.173
0.001	0.121	0.001	0.877
0.738	0.001	0.106	0.155
0.121	0.001	0.001	0.877
>GCAGACAGCACT	14-GCAGACAGCACT	9.891717	-18.795698	0	T:15.0(0.90%),B:32.2(0.10%),P:1e-8	Tpos:55.1,Tstd:19.8,Bpos:55.3,Bstd:21.2,StrandBias:2.0,Multiplicity:1.00
0.288	0.001	0.710	0.001
0.001	0.997	0.001	0.001
0.533	0.230	0.001	0.236
0.006	0.243	0.750	0.001
0.704	0.294	0.001	0.001
0.001	0.997	0.001	0.001
0.997	0.001	0.001	0.001
0.230	0.001	0.768	0.001
0.001	0.923	0.001	0.075
0.768	0.001	0.001	0.230
0.001	0.997	0.001	0.001
0.001	0.001	0.001	0.997
>CAAATCAAGGCA	15-CAAATCAAGGCA	13.857843	-18.753784	0	T:7.0(0.42%),B:1.7(0.01%),P:1e-8	Tpos:42.0,Tstd:33.0,Bpos:92.0,Bstd:0.0,StrandBias:1.3,Multiplicity:1.00
0.143	0.713	0.143	0.001
0.997	0.001	0.001	0.001
0.997	0.001	0.001	0.001
0.856	0.001	0.001	0.142
0.142	0.001	0.001	0.856
0.001	0.997	0.001	0.001
0.997	0.001	0.001	0.001
0.997	0.001	0.001	0.001
0.142	0.001	0.856	0.001
0.001	0.001	0.997	0.001
0.001	0.997	0.001	0.001
0.856	0.142	0.001	0.001
>TGTTTAAGAGTG	16-TGTTTAAGAGTG	14.002793	-17.816043	0	T:6.0(0.36%),B:0.0(0.00%),P:1e-7	Tpos:39.5,Tstd:19.3,Bpos:0.0,Bstd:0.0,StrandBias:0.0,Multiplicity:1.00
0.001	0.001	0.001	0.997
0.001	0.001	0.997	0.001
0.001	0.001	0.001	0.997
0.001	0.001	0.001	0.997
0.001	0.001	0.001	0.997
0.667	0.001	0.166	0.166
0.997	0.001	0.001	0.001
0.166	0.166	0.667	0.001
0.997	0.001	0.001	0.001
0.001	0.001	0.997	0.001
0.166	0.001	0.001	0.832
0.001	0.001	0.997	0.001
>GGGGGGGCTCTT	17-GGGGGGGCTCTT	10.462804	-17.536130	0	T:11.0(0.66%),B:15.1(0.05%),P:1e-7	Tpos:58.8,Tstd:22.2,Bpos:46.0,Bstd:26.5,StrandBias:-0.3,Multiplicity:1.00
0.001	0.014	0.984	0.001
0.001	0.001	0.997	0.001
0.001	0.112	0.568	0.319
0.345	0.001	0.519	0.135
0.001	0.001	0.997	0.001
0.001	0.001	0.774	0.224
0.087	0.001	0.785	0.127
0.001	0.997	0.001	0.001
0.001	0.224	0.001	0.774
0.001	0.592	0.001	0.406
0.112	0.112	0.001	0.775
0.001	0.199	0.001	0.799
>TGATTTTACCCT	18-TGATTTTACCCT	11.181387	-15.515693	0	T:12.0(0.72%),B:25.4(0.08%),P:1e-6	Tpos:35.7,Tstd:23.3,Bpos:42.7,Bstd:22.1,StrandBias:1.6,Multiplicity:1.00
0.001	0.001	0.001	0.997
0.001	0.235	0.667	0.097
0.633	0.001	0.194	0.172
0.001	0.001	0.290	0.708
0.001	0.001	0.001	0.997
0.001	0.001	0.074	0.924
0.097	0.172	0.103	0.628
0.764	0.001	0.001	0.234
0.001	0.902	0.096	0.001
0.006	0.821	0.001	0.172
0.006	0.992	0.001	0.001
0.001	0.001	0.006	0.992
>ATCAAACAGTTG	19-ATCAAACAGTTG	9.351251	-15.331341	0	T:22.0(1.32%),B:99.7(0.33%),P:1e-6	Tpos:40.6,Tstd:23.8,Bpos:49.1,Bstd:26.2,StrandBias:-0.3,Multiplicity:1.00
0.930	0.068	0.001	0.001
0.277	0.138	0.001	0.584
0.069	0.807	0.123	0.001
0.930	0.068	0.001	0.001
0.930	0.001	0.068	0.001
0.723	0.139	0.069	0.069
0.053	0.877	0.069	0.001
0.930	0.068	0.001	0.001
0.001	0.192	0.684	0.123
0.054	0.005	0.008	0.933
0.123	0.001	0.005	0.871
0.053	0.001	0.823	0.123
>TGATTACTGTCA	20-TGATTACTGTCA	14.257152	-14.845273	0	T:5.0(0.30%),B:0.0(0.00%),P:1e-6	Tpos:39.4,Tstd:22.3,Bpos:0.0,Bstd:0.0,StrandBias:0.6,Multiplicity:1.00
0.001	0.001	0.001	0.997
0.001	0.001	0.997	0.001
0.599	0.200	0.200	0.001
0.001	0.001	0.001	0.997
0.001	0.001	0.001	0.997
0.997	0.001	0.001	0.001
0.001	0.997	0.001	0.001
0.199	0.001	0.001	0.799
0.001	0.001	0.799	0.199
0.001	0.001	0.001	0.997
0.001	0.997	0.001	0.001
0.997	0.001	0.001	0.001
>TGTAGGAARGHA	21-TGTAGGAARGHA	9.478323	-11.294389	0	T:44.0(2.65%),B:386.2(1.26%),P:1e-4	Tpos:39.0,Tstd:20.5,Bpos:46.7,Bstd:26.7,StrandBias:0.8,Multiplicity:1.07
0.079	0.001	0.341	0.579
0.001	0.001	0.997	0.001
0.231	0.044	0.001	0.724
0.797	0.044	0.090	0.069
0.033	0.001	0.965	0.001
0.001	0.034	0.892	0.073
0.757	0.044	0.002	0.197
0.911	0.044	0.044	0.001
0.538	0.001	0.417	0.044
0.364	0.029	0.605	0.002
0.331	0.322	0.044	0.303
0.748	0.044	0.001	0.207
>CTCACACACACA	22-CTCACACACACA	10.761660	-7.599975	0	T:24.0(1.44%),B:198.7(0.65%),P:1e-3	Tpos:46.9,Tstd:14.5,Bpos:50.7,Bstd:22.8,StrandBias:0.2,Multiplicity:1.04
0.130	0.673	0.196	0.001
0.020	0.094	0.172	0.714
0.001	0.997	0.001	0.001
0.819	0.001	0.001	0.179
0.001	0.997	0.001	0.001
0.698	0.001	0.001	0.300
0.003	0.835	0.161	0.001
0.997	0.001	0.001	0.001
0.001	0.997	0.001	0.001
0.712	0.001	0.001	0.286
0.001	0.667	0.241	0.091
0.908	0.090	0.001	0.001
>GTGTGTGTGAGA	23-GTGTGTGTGAGA	9.590265	-4.560245	0	T:44.0(2.65%),B:551.7(1.80%),P:1e-1	Tpos:45.5,Tstd:24.1,Bpos:51.2,Bstd:22.7,StrandBias:-0.9,Multiplicity:1.11
0.001	0.054	0.944	0.001
0.132	0.001	0.042	0.825
0.001	0.054	0.891	0.054
0.054	0.001	0.097	0.848
0.055	0.055	0.781	0.109
0.001	0.001	0.139	0.859
0.042	0.001	0.860	0.097
0.097	0.001	0.054	0.848
0.001	0.041	0.957	0.001
0.731	0.097	0.001	0.171
0.121	0.109	0.715	0.055
0.873	0.001	0.001	0.125
>ATATATWTDTWT	24-ATATATWTDTWT	10.345563	-3.537041	0	T:12.0(0.72%),B:115.0(0.37%),P:1e-1	Tpos:49.0,Tstd:19.0,Bpos:48.6,Bstd:25.9,StrandBias:-1.3,Multiplicity:1.17
0.549	0.222	0.156	0.073
0.095	0.020	0.163	0.722
0.518	0.264	0.166	0.052
0.001	0.021	0.001	0.977
0.514	0.294	0.161	0.031
0.001	0.001	0.001	0.997
0.336	0.029	0.230	0.405
0.001	0.001	0.093	0.905
0.301	0.120	0.250	0.330
0.076	0.001	0.001	0.922
0.343	0.079	0.210	0.368
0.280	0.122	0.017	0.581
>CCATCCATCCAT	25-CCATCCATCCAT	11.420673	-3.236764	0	T:7.0(0.42%),B:55.4(0.18%),P:1e-1	Tpos:55.1,Tstd:23.1,Bpos:54.7,Bstd:21.7,StrandBias:0.0,Multiplicity:1.00
0.001	0.997	0.001	0.001
0.001	0.931	0.001	0.067
0.997	0.001	0.001	0.001
0.001	0.040	0.001	0.958
0.001	0.997	0.001	0.001
0.001	0.997	0.001	0.001
0.997	0.001	0.001	0.001
0.001	0.001	0.001	0.997
0.001	0.997	0.001	0.001
0.001	0.911	0.001	0.087
0.997	0.001	0.001	0.001
0.001	0.001	0.001	0.997
>RGAATACV	1-RGAATACV	4.193054	-13.633000	0	T:213.0(12.82%),B:2812.6(9.17%),P:1e-5	Tpos:51.2,Tstd:28.0,Bpos:50.1,Bstd:27.6,StrandBias:-0.0,Multiplicity:1.11
0.363	0.213	0.215	0.209
0.169	0.144	0.514	0.173
0.603	0.129	0.144	0.124
0.553	0.164	0.123	0.160
0.158	0.168	0.156	0.518
0.594	0.136	0.132	0.138
0.149	0.514	0.167	0.170
0.341	0.211	0.264	0.184
>AAGCAAGG	2-AAGCAAGG	3.590704	-13.432273	0	T:123.0(7.40%),B:1435.6(4.68%),P:1e-5	Tpos:49.5,Tstd:27.5,Bpos:49.7,Bstd:28.1,StrandBias:-0.4,Multiplicity:1.07
0.900	0.001	0.098	0.001
0.997	0.001	0.001	0.001
0.357	0.001	0.641	0.001
0.001	0.977	0.001	0.021
0.893	0.001	0.105	0.001
0.711	0.287	0.001	0.001
0.001	0.001	0.997	0.001
0.001	0.001	0.997	0.001
>GGGGGGGR	3-GGGGGGGR	5.193399	-11.691270	0	T:224.0(13.48%),B:3078.6(10.04%),P:1e-5	Tpos:51.9,Tstd:26.4,Bpos:50.4,Bstd:30.4,StrandBias:-0.3,Multiplicity:1.16
0.087	0.060	0.754	0.099
0.097	0.013	0.754	0.136
0.046	0.052	0.562	0.340
0.089	0.001	0.690	0.220
0.021	0.001	0.682	0.296
0.001	0.045	0.693	0.261
0.133	0.238	0.618	0.011
0.324	0.182	0.422	0.071
>CAAGGATT	4-CAAGGATT	6.708533	-11.674767	0	T:17.0(1.02%),B:80.7(0.26%),P:1e-5	Tpos:58.5,Tstd:26.6,Bpos:48.4,Bstd:27.3,StrandBias:-1.0,Multiplicity:1.00
0.001	0.997	0.001	0.001
0.997	0.001	0.001	0.001
0.903	0.095	0.001	0.001
0.001	0.134	0.864	0.001
0.001	0.001	0.997	0.001
0.997	0.001	0.001	0.001
0.001	0.001	0.001	0.997
0.001	0.001	0.001	0.997
>TACCTACC	5-TACCTACC	5.306953	-8.790140	0	T:163.0(9.81%),B:2238.5(7.30%),P:1e-3	Tpos:44.6,Tstd:26.0,Bpos:50.1,Bstd:28.1,StrandBias:0.1,Multiplicity:1.24
0.152	0.050	0.086	0.712
0.843	0.023	0.012	0.122
0.167	0.601	0.166	0.066
0.052	0.771	0.065	0.112
0.079	0.074	0.151	0.696
0.705	0.112	0.028	0.155
0.016	0.922	0.047	0.015
0.052	0.766	0.073	0.109
>GAAGGAAG	6-GAAGGAAG	6.638222	-8.378330	0	T:119.0(7.16%),B:1558.2(5.08%),P:1e-3	Tpos:44.7,Tstd:24.6,Bpos:48.0,Bstd:28.3,StrandBias:0.4,Multiplicity:1.96
0.001	0.001	0.997	0.001
0.997	0.001	0.001	0.001
0.942	0.001	0.056	0.001
0.001	0.001	0.904	0.094
0.001	0.098	0.900	0.001
0.733	0.118	0.148	0.001
0.997	0.001	0.001	0.001
0.001	0.001	0.997	0.001
>CGATCCRT	7-CGATCCRT	6.950784	-3.383497	0	T:48.0(2.89%),B:663.7(2.16%),P:1e-1	Tpos:50.6,Tstd:24.4,Bpos:49.9,Bstd:26.2,StrandBias:0.4,Multiplicity:1.77
0.001	0.853	0.026	0.120
0.099	0.295	0.535	0.071
0.928	0.005	0.035	0.032
0.006	0.045	0.040	0.909
0.063	0.667	0.259	0.011
0.011	0.959	0.029	0.001
0.541	0.035	0.423	0.001
0.085	0.063	0.002	0.850
>ATATATAT	8-ATATATAT	8.084703	-2.967272	0	T:89.0(5.35%),B:1367.9(4.46%),P:1e-1	Tpos:48.1,Tstd:21.7,Bpos:47.0,Bstd:29.0,StrandBias:0.0,Multiplicity:1.27
0.907	0.091	0.001	0.001
0.096	0.143	0.132	0.629
0.997	0.001	0.001	0.001
0.054	0.067	0.001	0.878
0.997	0.001	0.001	0.001
0.001	0.001	0.001	0.997
0.997	0.001	0.001	0.001
0.001	0.001	0.001	0.997
