>AGAGGCTA	1-AGAGGCTA	8.388408	-14.927020	0	T:11.0(3.73%),B:146.1(0.47%),P:1e-6	Tpos:54.5,Tstd:24.5,Bpos:46.6,Bstd:26.3,StrandBias:0.3,Multiplicity:1.00
0.997	0.001	0.001	0.001
0.001	0.001	0.997	0.001
0.911	0.001	0.087	0.001
0.001	0.213	0.785	0.001
0.001	0.001	0.997	0.001
0.001	0.997	0.001	0.001
0.001	0.001	0.001	0.997
0.997	0.001	0.001	0.001
>GTTGTGCC	2-GTTGTGCC	5.215543	-11.930280	0	T:63.0(21.36%),B:3756.6(12.15%),P:1e-5	Tpos:53.9,Tstd:26.9,Bpos:50.3,Bstd:30.1,StrandBias:0.3,Multiplicity:1.19
0.045	0.032	0.871	0.052
0.074	0.050	0.072	0.804
0.012	0.087	0.066	0.835
0.075	0.030	0.757	0.138
0.067	0.040	0.146	0.747
0.133	0.110	0.613	0.144
0.052	0.718	0.106	0.124
0.092	0.669	0.112	0.127
>AAGTAAGG	3-AAGTAAGG	6.994035	-10.693339	0	T:38.0(12.88%),B:1926.6(6.23%),P:1e-4	Tpos:53.5,Tstd:24.5,Bpos:48.6,Bstd:30.9,StrandBias:-1.2,Multiplicity:2.03
0.944	0.001	0.007	0.048
0.907	0.001	0.021	0.071
0.056	0.001	0.814	0.129
0.001	0.007	0.052	0.940
0.622	0.238	0.061	0.079
0.836	0.001	0.081	0.082
0.001	0.001	0.984	0.014
0.050	0.001	0.897	0.052
>TCTATTCT	4-TCTATTCT	8.298784	-3.947105	0	T:13.0(4.41%),B:702.6(2.27%),P:1e-1	Tpos:63.5,Tstd:22.9,Bpos:49.1,Bstd:27.5,StrandBias:-0.1,Multiplicity:2.54
0.001	0.001	0.001	0.997
0.001	0.997	0.001	0.001
0.001	0.001	0.001	0.997
0.818	0.180	0.001	0.001
0.001	0.001	0.001	0.997
0.001	0.001	0.001	0.997
0.084	0.914	0.001	0.001
0.001	0.001	0.092	0.906
>TCTATATA	5-TCTATATA	6.484958	-3.400902	0	T:30.0(10.17%),B:2205.0(7.13%),P:1e-1	Tpos:63.6,Tstd:20.7,Bpos:49.5,Bstd:28.8,StrandBias:-0.3,Multiplicity:2.60
0.001	0.001	0.038	0.960
0.082	0.916	0.001	0.001
0.001	0.001	0.001	0.997
0.639	0.359	0.001	0.001
0.025	0.031	0.001	0.943
0.633	0.365	0.001	0.001
0.018	0.001	0.001	0.980
0.928	0.070	0.001	0.001
