>CTATTTGARGAG	1-CTATTTGARGAG	8.446557	-32.291111	0	T:53.0(3.19%),B:255.5(0.83%),P:1e-14	Tpos:48.8,Tstd:27.3,Bpos:46.4,Bstd:24.9,StrandBias:-0.2,Multiplicity:1.00
0.073	0.787	0.123	0.017
0.178	0.259	0.001	0.562
0.833	0.016	0.021	0.130
0.051	0.001	0.001	0.947
0.001	0.021	0.061	0.917
0.171	0.001	0.093	0.735
0.037	0.057	0.759	0.147
0.737	0.001	0.201	0.061
0.321	0.001	0.448	0.230
0.234	0.001	0.764	0.001
0.835	0.021	0.041	0.103
0.260	0.021	0.657	0.062
>TCTGCTGAATGT	2-TCTGCTGAATGT	9.850789	-27.167803	0	T:26.0(1.56%),B:70.7(0.23%),P:1e-11	Tpos:51.9,Tstd:27.2,Bpos:55.7,Bstd:24.8,StrandBias:0.2,Multiplicity:1.00
0.001	0.001	0.053	0.945
0.051	0.897	0.051	0.001
0.002	0.001	0.051	0.946
0.051	0.153	0.795	0.001
0.091	0.756	0.051	0.102
0.051	0.001	0.051	0.897
0.001	0.001	0.997	0.001
0.719	0.001	0.142	0.138
0.744	0.154	0.051	0.051
0.001	0.051	0.051	0.897
0.073	0.001	0.770	0.156
0.093	0.156	0.102	0.649
>CAGAAATCATAC	3-CAGAAATCATAC	10.267300	-24.679139	0	T:22.0(1.32%),B:54.0(0.18%),P:1e-10	Tpos:48.7,Tstd:24.5,Bpos:47.9,Bstd:27.4,StrandBias:0.4,Multiplicity:1.00
0.150	0.774	0.001	0.075
0.679	0.001	0.001	0.319
0.001	0.074	0.924	0.001
0.919	0.075	0.001	0.005
0.688	0.001	0.231	0.080
0.684	0.001	0.314	0.001
0.001	0.001	0.074	0.924
0.001	0.924	0.074	0.001
0.924	0.001	0.001	0.074
0.075	0.075	0.079	0.771
0.919	0.005	0.001	0.075
0.001	0.604	0.005	0.390
>TGGACTCTGGGA	4-TGGACTCTGGGA	13.857843	-23.759303	0	T:8.0(0.48%),B:0.7(0.00%),P:1e-10	Tpos:55.5,Tstd:23.5,Bpos:70.0,Bstd:0.0,StrandBias:-0.7,Multiplicity:1.00
0.001	0.001	0.142	0.856
0.001	0.001	0.856	0.142
0.143	0.143	0.713	0.001
0.856	0.142	0.001	0.001
0.001	0.997	0.001	0.001
0.001	0.001	0.001	0.997
0.001	0.997	0.001	0.001
0.142	0.001	0.001	0.856
0.001	0.001	0.997	0.001
0.001	0.001	0.997	0.001
0.001	0.001	0.997	0.001
0.997	0.001	0.001	0.001
>CACCCCTTCCAC	5-CACCCCTTCCAC	10.508940	-22.260729	0	T:27.0(1.62%),B:99.0(0.32%),P:1e-9	Tpos:48.5,Tstd:24.6,Bpos:47.5,Bstd:26.9,StrandBias:0.8,Multiplicity:1.04
0.160	0.740	0.099	0.001
0.828	0.170	0.001	0.001
0.001	0.717	0.281	0.001
0.001	0.808	0.001	0.190
0.001	0.700	0.001	0.298
0.001	0.997	0.001	0.001
0.420	0.001	0.001	0.578
0.099	0.364	0.001	0.536
0.001	0.997	0.001	0.001
0.001	0.997	0.001	0.001
0.644	0.354	0.001	0.001
0.416	0.580	0.003	0.001
>GTGGCTGATGTG	6-GTGGCTGATGTG	11.032462	-21.828779	0	T:11.0(0.66%),B:8.5(0.03%),P:1e-9	Tpos:47.7,Tstd:23.9,Bpos:40.9,Bstd:20.1,StrandBias:2.2,Multiplicity:1.00
0.085	0.243	0.671	0.001
0.080	0.001	0.001	0.918
0.162	0.001	0.752	0.085
0.001	0.001	0.997	0.001
0.242	0.756	0.001	0.001
0.085	0.001	0.001	0.913
0.081	0.005	0.833	0.081
0.752	0.004	0.001	0.243
0.081	0.001	0.081	0.837
0.001	0.080	0.918	0.001
0.162	0.001	0.081	0.756
0.001	0.080	0.918	0.001
>GACTGCAGGGCC	7-GACTGCAGGGCC	11.200855	-21.828779	0	T:11.0(0.66%),B:8.1(0.03%),P:1e-9	Tpos:48.4,Tstd:30.9,Bpos:70.6,Bstd:19.7,StrandBias:0.8,Multiplicity:1.00
0.001	0.001	0.872	0.126
0.882	0.116	0.001	0.001
0.001	0.872	0.001	0.126
0.129	0.001	0.001	0.869
0.001	0.001	0.997	0.001
0.001	0.854	0.144	0.001
0.756	0.001	0.001	0.242
0.001	0.001	0.774	0.224
0.126	0.001	0.872	0.001
0.001	0.271	0.630	0.098
0.253	0.745	0.001	0.001
0.001	0.872	0.126	0.001
>TTGGTGTTTCCT	8-TTGGTGTTTCCT	13.441732	-21.608635	0	T:8.0(0.48%),B:1.7(0.01%),P:1e-9	Tpos:44.8,Tstd:27.8,Bpos:16.7,Bstd:9.1,StrandBias:-0.7,Multiplicity:1.00
0.101	0.001	0.001	0.897
0.001	0.001	0.001	0.997
0.001	0.001	0.977	0.021
0.102	0.079	0.717	0.102
0.001	0.001	0.101	0.897
0.001	0.001	0.897	0.101
0.001	0.001	0.001	0.997
0.001	0.001	0.001	0.997
0.001	0.001	0.001	0.997
0.102	0.795	0.102	0.001
0.001	0.997	0.001	0.001
0.001	0.078	0.001	0.920
>TCTATTCTATCC	9-TCTATTCTATCC	13.059488	-21.420848	0	T:12.0(0.72%),B:12.7(0.04%),P:1e-9	Tpos:53.2,Tstd:21.2,Bpos:47.9,Bstd:33.0,StrandBias:-0.9,Multiplicity:1.00
0.001	0.001	0.001	0.997
0.001	0.997	0.001	0.001
0.001	0.001	0.001	0.997
0.602	0.007	0.001	0.390
0.001	0.001	0.140	0.858
0.001	0.001	0.001	0.997
0.001	0.858	0.140	0.001
0.001	0.001	0.001	0.997
0.997	0.001	0.001	0.001
0.001	0.001	0.001	0.997
0.001	0.685	0.001	0.313
0.001	0.577	0.421	0.001
>GGGTCCTTCCTT	10-GGGTCCTTCCTT	13.585830	-20.162056	0	T:10.0(0.60%),B:7.5(0.02%),P:1e-8	Tpos:51.1,Tstd:21.8,Bpos:36.7,Bstd:26.1,StrandBias:-0.3,Multiplicity:1.00
0.001	0.001	0.890	0.108
0.001	0.001	0.997	0.001
0.001	0.140	0.858	0.001
0.001	0.001	0.001	0.997
0.001	0.858	0.001	0.140
0.001	0.890	0.001	0.108
0.108	0.001	0.001	0.890
0.001	0.140	0.001	0.858
0.001	0.997	0.001	0.001
0.001	0.997	0.001	0.001
0.108	0.001	0.001	0.890
0.001	0.001	0.001	0.997
>GACAACACATTT	11-GACAACACATTT	9.272198	-19.778271	0	T:14.0(0.84%),B:24.9(0.08%),P:1e-8	Tpos:47.2,Tstd:23.3,Bpos:46.1,Bstd:24.1,StrandBias:0.0,Multiplicity:1.00
0.159	0.126	0.597	0.118
0.683	0.102	0.094	0.121
0.220	0.529	0.141	0.110
0.707	0.107	0.053	0.133
0.703	0.079	0.105	0.113
0.165	0.583	0.130	0.122
0.745	0.079	0.050	0.126
0.134	0.622	0.109	0.135
0.720	0.098	0.047	0.135
0.120	0.099	0.080	0.701
0.104	0.093	0.093	0.710
0.099	0.104	0.095	0.702
>CAAAAATCAAGG	12-CAAAAATCAAGG	11.177942	-19.382104	0	T:14.0(0.84%),B:25.1(0.08%),P:1e-8	Tpos:45.1,Tstd:27.2,Bpos:45.3,Bstd:24.5,StrandBias:1.3,Multiplicity:1.00
0.079	0.813	0.059	0.049
0.566	0.229	0.049	0.156
0.843	0.003	0.078	0.076
0.881	0.001	0.042	0.076
0.862	0.136	0.001	0.001
0.923	0.001	0.075	0.001
0.153	0.003	0.119	0.725
0.001	0.846	0.001	0.152
0.996	0.002	0.001	0.001
0.920	0.001	0.001	0.078
0.001	0.001	0.997	0.001
0.288	0.001	0.649	0.062
>ATGTCTTTATAT	13-ATGTCTTTATAT	10.738566	-19.188684	0	T:29.0(1.74%),B:134.6(0.44%),P:1e-8	Tpos:46.4,Tstd:27.8,Bpos:50.1,Bstd:25.3,StrandBias:0.1,Multiplicity:1.07
0.777	0.095	0.001	0.127
0.001	0.001	0.001	0.997
0.001	0.060	0.892	0.047
0.001	0.001	0.121	0.877
0.109	0.624	0.150	0.117
0.160	0.001	0.001	0.838
0.001	0.001	0.001	0.997
0.060	0.030	0.001	0.909
0.718	0.108	0.001	0.173
0.001	0.121	0.001	0.877
0.738	0.001	0.106	0.155
0.121	0.001	0.001	0.877
>GCAGACAGCACT	14-GCAGACAGCACT	9.891717	-18.795698	0	T:15.0(0.90%),B:32.2(0.10%),P:1e-8	Tpos:55.1,Tstd:19.8,Bpos:55.3,Bstd:21.2,StrandBias:2.0,Multiplicity:1.00
0.288	0.001	0.710	0.001
0.001	0.997	0.001	0.001
0.533	0.230	0.001	0.236
0.006	0.243	0.750	0.001
0.704	0.294	0.001	0.001
0.001	0.997	0.001	0.001
0.997	0.001	0.001	0.001
0.230	0.001	0.768	0.001
0.001	0.923	0.001	0.075
0.768	0.001	0.001	0.230
0.001	0.997	0.001	0.001
0.001	0.001	0.001	0.997
>CAAATCAAGGCA	15-CAAATCAAGGCA	13.857843	-18.753784	0	T:7.0(0.42%),B:1.7(0.01%),P:1e-8	Tpos:42.0,Tstd:33.0,Bpos:92.0,Bstd:0.0,StrandBias:1.3,Multiplicity:1.00
0.143	0.713	0.143	0.001
0.997	0.001	0.001	0.001
0.997	0.001	0.001	0.001
0.856	0.001	0.001	0.142
0.142	0.001	0.001	0.856
0.001	0.997	0.001	0.001
0.997	0.001	0.001	0.001
0.997	0.001	0.001	0.001
0.142	0.001	0.856	0.001
0.001	0.001	0.997	0.001
0.001	0.997	0.001	0.001
0.856	0.142	0.001	0.001
>TGTTTAAGAGTG	16-TGTTTAAGAGTG	14.002793	-17.816043	0	T:6.0(0.36%),B:0.0(0.00%),P:1e-7	Tpos:39.5,Tstd:19.3,Bpos:0.0,Bstd:0.0,StrandBias:0.0,Multiplicity:1.00
0.001	0.001	0.001	0.997
0.001	0.001	0.997	0.001
0.001	0.001	0.001	0.997
0.001	0.001	0.001	0.997
0.001	0.001	0.001	0.997
0.667	0.001	0.166	0.166
0.997	0.001	0.001	0.001
0.166	0.166	0.667	0.001
0.997	0.001	0.001	0.001
0.001	0.001	0.997	0.001
0.166	0.001	0.001	0.832
0.001	0.001	0.997	0.001
>GGGGGGGCTCTT	17-GGGGGGGCTCTT	10.462804	-17.536130	0	T:11.0(0.66%),B:15.1(0.05%),P:1e-7	Tpos:58.8,Tstd:22.2,Bpos:46.0,Bstd:26.5,StrandBias:-0.3,Multiplicity:1.00
0.001	0.014	0.984	0.001
0.001	0.001	0.997	0.001
0.001	0.112	0.568	0.319
0.345	0.001	0.519	0.135
0.001	0.001	0.997	0.001
0.001	0.001	0.774	0.224
0.087	0.001	0.785	0.127
0.001	0.997	0.001	0.001
0.001	0.224	0.001	0.774
0.001	0.592	0.001	0.406
0.112	0.112	0.001	0.775
0.001	0.199	0.001	0.799
>TGATTTTACCCT	18-TGATTTTACCCT	11.181387	-15.515693	0	T:12.0(0.72%),B:25.4(0.08%),P:1e-6	Tpos:35.7,Tstd:23.3,Bpos:42.7,Bstd:22.1,StrandBias:1.6,Multiplicity:1.00
0.001	0.001	0.001	0.997
0.001	0.235	0.667	0.097
0.633	0.001	0.194	0.172
0.001	0.001	0.290	0.708
0.001	0.001	0.001	0.997
0.001	0.001	0.074	0.924
0.097	0.172	0.103	0.628
0.764	0.001	0.001	0.234
0.001	0.902	0.096	0.001
0.006	0.821	0.001	0.172
0.006	0.992	0.001	0.001
0.001	0.001	0.006	0.992
>ATCAAACAGTTG	19-ATCAAACAGTTG	9.351251	-15.331341	0	T:22.0(1.32%),B:99.7(0.33%),P:1e-6	Tpos:40.6,Tstd:23.8,Bpos:49.1,Bstd:26.2,StrandBias:-0.3,Multiplicity:1.00
0.930	0.068	0.001	0.001
0.277	0.138	0.001	0.584
0.069	0.807	0.123	0.001
0.930	0.068	0.001	0.001
0.930	0.001	0.068	0.001
0.723	0.139	0.069	0.069
0.053	0.877	0.069	0.001
0.930	0.068	0.001	0.001
0.001	0.192	0.684	0.123
0.054	0.005	0.008	0.933
0.123	0.001	0.005	0.871
0.053	0.001	0.823	0.123
>TGATTACTGTCA	20-TGATTACTGTCA	14.257152	-14.845273	0	T:5.0(0.30%),B:0.0(0.00%),P:1e-6	Tpos:39.4,Tstd:22.3,Bpos:0.0,Bstd:0.0,StrandBias:0.6,Multiplicity:1.00
0.001	0.001	0.001	0.997
0.001	0.001	0.997	0.001
0.599	0.200	0.200	0.001
0.001	0.001	0.001	0.997
0.001	0.001	0.001	0.997
0.997	0.001	0.001	0.001
0.001	0.997	0.001	0.001
0.199	0.001	0.001	0.799
0.001	0.001	0.799	0.199
0.001	0.001	0.001	0.997
0.001	0.997	0.001	0.001
0.997	0.001	0.001	0.001
>TGTAGGAARGHA	21-TGTAGGAARGHA	9.478323	-11.294389	0	T:44.0(2.65%),B:386.2(1.26%),P:1e-4	Tpos:39.0,Tstd:20.5,Bpos:46.7,Bstd:26.7,StrandBias:0.8,Multiplicity:1.07
0.079	0.001	0.341	0.579
0.001	0.001	0.997	0.001
0.231	0.044	0.001	0.724
0.797	0.044	0.090	0.069
0.033	0.001	0.965	0.001
0.001	0.034	0.892	0.073
0.757	0.044	0.002	0.197
0.911	0.044	0.044	0.001
0.538	0.001	0.417	0.044
0.364	0.029	0.605	0.002
0.331	0.322	0.044	0.303
0.748	0.044	0.001	0.207
>CTCACACACACA	22-CTCACACACACA	10.761660	-7.599975	0	T:24.0(1.44%),B:198.7(0.65%),P:1e-3	Tpos:46.9,Tstd:14.5,Bpos:50.7,Bstd:22.8,StrandBias:0.2,Multiplicity:1.04
0.130	0.673	0.196	0.001
0.020	0.094	0.172	0.714
0.001	0.997	0.001	0.001
0.819	0.001	0.001	0.179
0.001	0.997	0.001	0.001
0.698	0.001	0.001	0.300
0.003	0.835	0.161	0.001
0.997	0.001	0.001	0.001
0.001	0.997	0.001	0.001
0.712	0.001	0.001	0.286
0.001	0.667	0.241	0.091
0.908	0.090	0.001	0.001
>GTGTGTGTGAGA	23-GTGTGTGTGAGA	9.590265	-4.560245	0	T:44.0(2.65%),B:551.7(1.80%),P:1e-1	Tpos:45.5,Tstd:24.1,Bpos:51.2,Bstd:22.7,StrandBias:-0.9,Multiplicity:1.11
0.001	0.054	0.944	0.001
0.132	0.001	0.042	0.825
0.001	0.054	0.891	0.054
0.054	0.001	0.097	0.848
0.055	0.055	0.781	0.109
0.001	0.001	0.139	0.859
0.042	0.001	0.860	0.097
0.097	0.001	0.054	0.848
0.001	0.041	0.957	0.001
0.731	0.097	0.001	0.171
0.121	0.109	0.715	0.055
0.873	0.001	0.001	0.125
>ATATATWTDTWT	24-ATATATWTDTWT	10.345563	-3.537041	0	T:12.0(0.72%),B:115.0(0.37%),P:1e-1	Tpos:49.0,Tstd:19.0,Bpos:48.6,Bstd:25.9,StrandBias:-1.3,Multiplicity:1.17
0.549	0.222	0.156	0.073
0.095	0.020	0.163	0.722
0.518	0.264	0.166	0.052
0.001	0.021	0.001	0.977
0.514	0.294	0.161	0.031
0.001	0.001	0.001	0.997
0.336	0.029	0.230	0.405
0.001	0.001	0.093	0.905
0.301	0.120	0.250	0.330
0.076	0.001	0.001	0.922
0.343	0.079	0.210	0.368
0.280	0.122	0.017	0.581
>CCATCCATCCAT	25-CCATCCATCCAT	11.420673	-3.236764	0	T:7.0(0.42%),B:55.4(0.18%),P:1e-1	Tpos:55.1,Tstd:23.1,Bpos:54.7,Bstd:21.7,StrandBias:0.0,Multiplicity:1.00
0.001	0.997	0.001	0.001
0.001	0.931	0.001	0.067
0.997	0.001	0.001	0.001
0.001	0.040	0.001	0.958
0.001	0.997	0.001	0.001
0.001	0.997	0.001	0.001
0.997	0.001	0.001	0.001
0.001	0.001	0.001	0.997
0.001	0.997	0.001	0.001
0.001	0.911	0.001	0.087
0.997	0.001	0.001	0.001
0.001	0.001	0.001	0.997
