>CCAGTGATGG	1-CCAGTGATGG	8.659676	-168.874195	0	T:83.0(5.89%),B:1.0(0.32%),P:1e-73	Tpos:97.3,Tstd:50.9,Bpos:69.0,Bstd:0.0,StrandBias:-0.3,Multiplicity:1.04
0.060	0.542	0.392	0.006
0.019	0.820	0.160	0.001
0.811	0.001	0.023	0.165
0.014	0.272	0.637	0.077
0.397	0.001	0.046	0.556
0.158	0.009	0.774	0.059
0.766	0.199	0.027	0.008
0.006	0.001	0.131	0.862
0.004	0.004	0.991	0.001
0.123	0.010	0.844	0.023
>YTCACAGAGA	2-YTCACAGAGA	8.168824	-148.329428	0	T:76.0(5.39%),B:1.0(0.32%),P:1e-64	Tpos:100.6,Tstd:53.2,Bpos:21.0,Bstd:0.0,StrandBias:0.2,Multiplicity:1.01
0.060	0.505	0.006	0.429
0.001	0.026	0.024	0.949
0.001	0.627	0.001	0.371
0.841	0.138	0.001	0.020
0.001	0.997	0.001	0.001
0.997	0.001	0.001	0.001
0.013	0.001	0.966	0.020
0.704	0.006	0.289	0.001
0.186	0.103	0.710	0.001
0.927	0.052	0.020	0.001
>GGGTTGGGAR	3-GGGTTGGGAR	8.387799	-124.774904	0	T:87.0(6.17%),B:2.0(0.64%),P:1e-54	Tpos:102.6,Tstd:53.6,Bpos:28.0,Bstd:0.0,StrandBias:0.2,Multiplicity:1.05
0.136	0.001	0.524	0.339
0.001	0.001	0.745	0.253
0.037	0.201	0.752	0.010
0.061	0.223	0.245	0.471
0.005	0.001	0.092	0.902
0.005	0.001	0.989	0.005
0.090	0.001	0.838	0.071
0.236	0.001	0.762	0.001
0.989	0.001	0.005	0.005
0.425	0.027	0.519	0.029
>AAACAGATTT	4-AAACAGATTT	9.074760	-111.509578	0	T:96.0(6.81%),B:3.0(0.96%),P:1e-48	Tpos:98.8,Tstd:53.3,Bpos:114.7,Bstd:45.7,StrandBias:0.3,Multiplicity:1.03
0.997	0.001	0.001	0.001
0.795	0.001	0.203	0.001
0.995	0.002	0.002	0.001
0.265	0.504	0.164	0.067
0.997	0.001	0.001	0.001
0.135	0.113	0.659	0.093
0.817	0.021	0.001	0.161
0.001	0.091	0.001	0.907
0.091	0.001	0.089	0.819
0.001	0.002	0.001	0.996
>AAGTAGTAGT	5-AAGTAGTAGT	7.338735	-105.466435	0	T:93.0(6.60%),B:3.0(0.96%),P:1e-45	Tpos:98.1,Tstd:50.0,Bpos:54.0,Bstd:70.6,StrandBias:0.1,Multiplicity:1.02
0.597	0.008	0.008	0.387
0.958	0.001	0.025	0.016
0.074	0.023	0.778	0.125
0.053	0.015	0.144	0.788
0.820	0.001	0.014	0.165
0.182	0.001	0.624	0.193
0.019	0.039	0.119	0.823
0.692	0.005	0.013	0.290
0.010	0.116	0.849	0.025
0.058	0.003	0.030	0.909
>AAAAGCAGTC	6-AAAAGCAGTC	8.350283	-101.384134	0	T:59.0(4.18%),B:1.0(0.32%),P:1e-44	Tpos:106.6,Tstd:53.0,Bpos:131.0,Bstd:0.0,StrandBias:0.4,Multiplicity:1.02
0.700	0.100	0.100	0.100
0.700	0.100	0.100	0.100
0.700	0.100	0.100	0.100
0.700	0.100	0.100	0.100
0.100	0.100	0.700	0.100
0.100	0.700	0.100	0.100
0.700	0.100	0.100	0.100
0.100	0.100	0.700	0.100
0.100	0.100	0.100	0.700
0.100	0.700	0.100	0.100
>CTTTTTATGT	7-CTTTTTATGT	8.350283	-98.768366	0	T:58.0(4.11%),B:1.0(0.32%),P:1e-42	Tpos:101.7,Tstd:53.4,Bpos:184.0,Bstd:0.0,StrandBias:0.4,Multiplicity:1.04
0.100	0.700	0.100	0.100
0.100	0.100	0.100	0.700
0.100	0.100	0.100	0.700
0.100	0.100	0.100	0.700
0.100	0.100	0.100	0.700
0.100	0.100	0.100	0.700
0.700	0.100	0.100	0.100
0.100	0.100	0.100	0.700
0.100	0.100	0.700	0.100
0.100	0.100	0.100	0.700
>TATCAAAAGA	8-TATCAAAAGA	8.350283	-98.768366	0	T:58.0(4.11%),B:1.0(0.32%),P:1e-42	Tpos:105.5,Tstd:54.5,Bpos:16.0,Bstd:0.0,StrandBias:0.0,Multiplicity:1.00
0.100	0.100	0.100	0.700
0.700	0.100	0.100	0.100
0.100	0.100	0.100	0.700
0.100	0.700	0.100	0.100
0.700	0.100	0.100	0.100
0.700	0.100	0.100	0.100
0.700	0.100	0.100	0.100
0.700	0.100	0.100	0.100
0.100	0.100	0.700	0.100
0.700	0.100	0.100	0.100
>AAGTATAAAT	9-AAGTATAAAT	8.359304	-95.624375	0	T:88.0(6.24%),B:3.0(0.96%),P:1e-41	Tpos:94.5,Tstd:51.6,Bpos:83.5,Bstd:21.0,StrandBias:0.8,Multiplicity:1.15
0.865	0.028	0.040	0.067
0.929	0.003	0.031	0.037
0.116	0.035	0.653	0.196
0.066	0.054	0.196	0.684
0.908	0.031	0.028	0.033
0.065	0.043	0.081	0.811
0.904	0.017	0.056	0.023
0.703	0.015	0.015	0.267
0.908	0.015	0.034	0.043
0.148	0.050	0.020	0.782
>ATTTTTCCTA	10-ATTTTTCCTA	8.350283	-93.590479	0	T:56.0(3.97%),B:1.0(0.32%),P:1e-40	Tpos:84.2,Tstd:57.0,Bpos:50.0,Bstd:0.0,StrandBias:-1.0,Multiplicity:1.00
0.700	0.100	0.100	0.100
0.100	0.100	0.100	0.700
0.100	0.100	0.100	0.700
0.100	0.100	0.100	0.700
0.100	0.100	0.100	0.700
0.100	0.100	0.100	0.700
0.100	0.700	0.100	0.100
0.100	0.700	0.100	0.100
0.100	0.100	0.100	0.700
0.700	0.100	0.100	0.100
>TGSCCAGCCT	11-TGSCCAGCCT	8.423935	-93.343539	0	T:73.0(5.18%),B:2.0(0.64%),P:1e-40	Tpos:73.8,Tstd:57.5,Bpos:180.0,Bstd:7.0,StrandBias:0.2,Multiplicity:1.00
0.124	0.009	0.024	0.843
0.098	0.095	0.495	0.312
0.035	0.355	0.425	0.185
0.039	0.811	0.031	0.119
0.047	0.929	0.006	0.018
0.822	0.003	0.001	0.174
0.009	0.219	0.733	0.039
0.038	0.763	0.029	0.170
0.062	0.907	0.003	0.028
0.087	0.069	0.001	0.843
>CARATGATTT	12-CARATGATTT	7.828732	-79.508061	0	T:91.0(6.45%),B:4.0(1.27%),P:1e-34	Tpos:95.5,Tstd:54.1,Bpos:123.4,Bstd:77.8,StrandBias:-0.1,Multiplicity:1.03
0.244	0.519	0.077	0.160
0.932	0.007	0.002	0.059
0.425	0.065	0.459	0.051
0.879	0.025	0.072	0.024
0.161	0.017	0.104	0.718
0.210	0.104	0.540	0.146
0.490	0.062	0.189	0.259
0.192	0.086	0.027	0.695
0.041	0.044	0.029	0.886
0.038	0.033	0.153	0.776
>GGTGGCKCAC	13-GGTGGCKCAC	7.190301	-74.592218	0	T:64.0(4.54%),B:2.0(0.64%),P:1e-32	Tpos:101.0,Tstd:49.0,Bpos:99.0,Bstd:75.0,StrandBias:-0.2,Multiplicity:1.05
0.001	0.001	0.994	0.004
0.004	0.177	0.818	0.001
0.005	0.191	0.165	0.639
0.238	0.233	0.525	0.004
0.086	0.017	0.855	0.042
0.046	0.917	0.020	0.017
0.049	0.081	0.485	0.385
0.004	0.994	0.001	0.001
0.986	0.009	0.001	0.004
0.005	0.909	0.013	0.073
>ATTCCTTAAA	14-ATTCCTTAAA	8.350283	-73.641064	0	T:48.0(3.40%),B:1.0(0.32%),P:1e-31	Tpos:105.3,Tstd:59.1,Bpos:89.0,Bstd:0.0,StrandBias:0.4,Multiplicity:1.09
0.700	0.100	0.100	0.100
0.100	0.100	0.100	0.700
0.100	0.100	0.100	0.700
0.100	0.700	0.100	0.100
0.100	0.700	0.100	0.100
0.100	0.100	0.100	0.700
0.100	0.100	0.100	0.700
0.700	0.100	0.100	0.100
0.700	0.100	0.100	0.100
0.700	0.100	0.100	0.100
>AGCACAGAAT	15-AGCACAGAAT	8.708489	-73.641064	0	T:48.0(3.40%),B:0.0(0.00%),P:1e-31	Tpos:87.7,Tstd:54.6,Bpos:0.0,Bstd:0.0,StrandBias:0.4,Multiplicity:1.00
0.907	0.016	0.050	0.027
0.029	0.040	0.912	0.019
0.204	0.726	0.025	0.045
0.913	0.026	0.022	0.039
0.215	0.729	0.023	0.033
0.877	0.006	0.005	0.112
0.054	0.151	0.768	0.027
0.875	0.023	0.038	0.064
0.729	0.114	0.070	0.087
0.059	0.083	0.114	0.744
>AGATATATTA	16-AGATATATTA	8.350283	-71.239011	0	T:47.0(3.33%),B:1.0(0.32%),P:1e-30	Tpos:108.6,Tstd:53.8,Bpos:85.0,Bstd:0.0,StrandBias:0.3,Multiplicity:1.09
0.700	0.100	0.100	0.100
0.100	0.100	0.700	0.100
0.700	0.100	0.100	0.100
0.100	0.100	0.100	0.700
0.700	0.100	0.100	0.100
0.100	0.100	0.100	0.700
0.700	0.100	0.100	0.100
0.100	0.100	0.100	0.700
0.100	0.100	0.100	0.700
0.700	0.100	0.100	0.100
>TACACATGTG	17-TACACATGTG	7.740426	-68.010149	0	T:84.0(5.96%),B:4.0(1.27%),P:1e-29	Tpos:95.3,Tstd:54.6,Bpos:50.0,Bstd:26.0,StrandBias:-0.1,Multiplicity:1.07
0.055	0.099	0.015	0.831
0.763	0.087	0.103	0.047
0.140	0.582	0.063	0.215
0.867	0.037	0.078	0.018
0.087	0.813	0.063	0.037
0.907	0.055	0.016	0.022
0.018	0.030	0.027	0.925
0.020	0.039	0.762	0.179
0.016	0.068	0.026	0.890
0.140	0.026	0.814	0.020
>AAAGARAGTC	18-AAAGARAGTC	8.381721	-64.835627	0	T:82.0(5.82%),B:4.0(1.27%),P:1e-28	Tpos:97.9,Tstd:57.7,Bpos:67.0,Bstd:38.1,StrandBias:-0.0,Multiplicity:1.05
0.989	0.005	0.001	0.005
0.955	0.001	0.043	0.001
0.997	0.001	0.001	0.001
0.180	0.053	0.762	0.005
0.973	0.001	0.001	0.025
0.386	0.014	0.522	0.078
0.994	0.001	0.004	0.001
0.023	0.078	0.855	0.044
0.095	0.035	0.286	0.584
0.005	0.914	0.018	0.063
>CACCCTGTCT	19-CACCCTGTCT	7.670458	-57.154260	0	T:55.0(3.90%),B:2.0(0.64%),P:1e-24	Tpos:109.1,Tstd:50.3,Bpos:72.0,Bstd:44.0,StrandBias:0.5,Multiplicity:1.00
0.073	0.677	0.091	0.159
0.648	0.161	0.023	0.168
0.119	0.629	0.130	0.122
0.106	0.685	0.045	0.164
0.115	0.693	0.058	0.134
0.096	0.043	0.017	0.844
0.037	0.145	0.677	0.141
0.123	0.171	0.083	0.623
0.039	0.786	0.084	0.091
0.049	0.151	0.016	0.784
>GATTTCTGAT	20-GATTTCTGAT	8.514369	-56.128714	0	T:66.0(4.68%),B:3.0(0.96%),P:1e-24	Tpos:99.1,Tstd:53.1,Bpos:144.3,Bstd:24.5,StrandBias:0.2,Multiplicity:1.00
0.253	0.032	0.576	0.139
0.799	0.105	0.052	0.044
0.134	0.041	0.043	0.782
0.019	0.020	0.017	0.944
0.012	0.027	0.012	0.949
0.052	0.718	0.025	0.205
0.046	0.004	0.013	0.937
0.025	0.020	0.862	0.093
0.890	0.062	0.014	0.034
0.108	0.019	0.182	0.691
>TTTAGTCCCA	21-TTTAGTCCCA	8.350283	-53.476531	0	T:53.0(3.76%),B:2.0(0.64%),P:1e-23	Tpos:86.5,Tstd:54.7,Bpos:85.5,Bstd:71.5,StrandBias:-0.7,Multiplicity:1.00
0.100	0.100	0.100	0.700
0.100	0.100	0.100	0.700
0.100	0.100	0.100	0.700
0.700	0.100	0.100	0.100
0.100	0.100	0.700	0.100
0.100	0.100	0.100	0.700
0.100	0.700	0.100	0.100
0.100	0.700	0.100	0.100
0.100	0.700	0.100	0.100
0.700	0.100	0.100	0.100
>TAATTATTCT	22-TAATTATTCT	8.350283	-48.105447	0	T:50.0(3.55%),B:2.0(0.64%),P:1e-20	Tpos:98.6,Tstd:57.3,Bpos:116.0,Bstd:31.0,StrandBias:-0.4,Multiplicity:1.08
0.100	0.100	0.100	0.700
0.700	0.100	0.100	0.100
0.700	0.100	0.100	0.100
0.100	0.100	0.100	0.700
0.100	0.100	0.100	0.700
0.700	0.100	0.100	0.100
0.100	0.100	0.100	0.700
0.100	0.100	0.100	0.700
0.100	0.700	0.100	0.100
0.100	0.100	0.100	0.700
>TTTCCAGTTC	23-TTTCCAGTTC	8.350283	-44.625929	0	T:48.0(3.40%),B:2.0(0.64%),P:1e-19	Tpos:101.1,Tstd:51.9,Bpos:83.0,Bstd:43.0,StrandBias:0.5,Multiplicity:1.02
0.100	0.100	0.100	0.700
0.100	0.100	0.100	0.700
0.100	0.100	0.100	0.700
0.100	0.700	0.100	0.100
0.100	0.700	0.100	0.100
0.700	0.100	0.100	0.100
0.100	0.100	0.700	0.100
0.100	0.100	0.100	0.700
0.100	0.100	0.100	0.700
0.100	0.700	0.100	0.100
>AAGGAGAGGG	24-AAGGAGAGGG	8.350283	-37.924182	0	T:44.0(3.12%),B:2.0(0.64%),P:1e-16	Tpos:100.5,Tstd:61.4,Bpos:100.0,Bstd:95.0,StrandBias:-0.5,Multiplicity:1.16
0.700	0.100	0.100	0.100
0.700	0.100	0.100	0.100
0.100	0.100	0.700	0.100
0.100	0.100	0.700	0.100
0.700	0.100	0.100	0.100
0.100	0.100	0.700	0.100
0.700	0.100	0.100	0.100
0.100	0.100	0.700	0.100
0.100	0.100	0.700	0.100
0.100	0.100	0.700	0.100
>AGHAGYAGAA	25-AGHAGYAGAA	7.652273	-34.159726	0	T:30.0(2.13%),B:1.0(0.32%),P:1e-14	Tpos:120.8,Tstd:58.6,Bpos:194.0,Bstd:0.0,StrandBias:-0.2,Multiplicity:1.07
0.829	0.018	0.032	0.121
0.191	0.066	0.604	0.139
0.215	0.357	0.133	0.295
0.764	0.018	0.025	0.193
0.271	0.028	0.616	0.085
0.233	0.399	0.097	0.272
0.801	0.002	0.057	0.140
0.175	0.047	0.603	0.175
0.529	0.062	0.080	0.329
0.644	0.026	0.078	0.252
