>ACACCARCAA	1-ACACCARCAA	8.115743	-87.666808	0	T:33.0(10.51%),B:1.0(0.32%),P:1e-38	Tpos:84.6,Tstd:52.2,Bpos:165.0,Bstd:0.0,StrandBias:-0.2,Multiplicity:1.00
0.691	0.262	0.001	0.046
0.001	0.952	0.046	0.001
0.997	0.001	0.001	0.001
0.380	0.618	0.001	0.001
0.001	0.696	0.001	0.302
0.857	0.141	0.001	0.001
0.515	0.046	0.438	0.001
0.001	0.952	0.001	0.046
0.952	0.046	0.001	0.001
0.952	0.001	0.046	0.001
>KSTTGTACAA	2-KSTTGTACAA	7.461381	-59.870632	0	T:25.0(7.96%),B:1.0(0.32%),P:1e-26	Tpos:95.1,Tstd:57.2,Bpos:177.0,Bstd:0.0,StrandBias:0.0,Multiplicity:1.04
0.034	0.037	0.439	0.490
0.039	0.339	0.411	0.211
0.019	0.034	0.034	0.913
0.034	0.034	0.242	0.690
0.177	0.002	0.596	0.225
0.309	0.017	0.157	0.517
0.620	0.051	0.208	0.121
0.090	0.804	0.036	0.070
0.931	0.034	0.001	0.034
0.722	0.053	0.072	0.153
>MTTGSMTGBA	3-MTTGSMTGBA	6.341808	-54.248172	0	T:29.0(9.24%),B:2.0(0.64%),P:1e-23	Tpos:110.1,Tstd:57.0,Bpos:18.5,Bstd:10.5,StrandBias:0.0,Multiplicity:1.07
0.406	0.399	0.025	0.170
0.238	0.221	0.098	0.442
0.043	0.029	0.167	0.761
0.134	0.043	0.533	0.290
0.156	0.370	0.298	0.177
0.358	0.420	0.011	0.211
0.297	0.007	0.018	0.678
0.033	0.047	0.884	0.036
0.040	0.327	0.243	0.391
0.501	0.036	0.188	0.275
>TGATCAGAGA	4-TGATCAGAGA	8.013204	-43.845788	0	T:20.0(6.37%),B:1.0(0.32%),P:1e-19	Tpos:92.3,Tstd:58.9,Bpos:114.0,Bstd:0.0,StrandBias:0.0,Multiplicity:1.10
0.093	0.001	0.078	0.828
0.060	0.098	0.797	0.045
0.834	0.030	0.076	0.060
0.106	0.063	0.048	0.783
0.091	0.741	0.108	0.060
0.892	0.015	0.015	0.078
0.138	0.076	0.665	0.121
0.877	0.015	0.045	0.063
0.123	0.045	0.772	0.060
0.847	0.045	0.060	0.048
>AARAACACAT	5-AARAACACAT	9.259225	-43.429174	0	T:25.0(7.96%),B:2.0(0.64%),P:1e-18	Tpos:92.8,Tstd:59.8,Bpos:92.0,Bstd:9.0,StrandBias:0.0,Multiplicity:1.04
0.931	0.067	0.001	0.001
0.997	0.001	0.001	0.001
0.396	0.203	0.401	0.001
0.931	0.001	0.067	0.001
0.997	0.001	0.001	0.001
0.001	0.931	0.067	0.001
0.931	0.001	0.001	0.067
0.001	0.786	0.010	0.203
0.997	0.001	0.001	0.001
0.396	0.010	0.001	0.593
>TATATGCMCA	6-TATATGCMCA	9.156084	-40.788333	0	T:19.0(6.05%),B:0.0(0.00%),P:1e-17	Tpos:80.0,Tstd:59.3,Bpos:0.0,Bstd:0.0,StrandBias:-0.9,Multiplicity:1.11
0.001	0.161	0.001	0.837
0.950	0.001	0.048	0.001
0.001	0.001	0.048	0.950
0.950	0.001	0.001	0.048
0.001	0.001	0.001	0.997
0.001	0.001	0.997	0.001
0.001	0.837	0.001	0.161
0.334	0.454	0.001	0.211
0.001	0.788	0.001	0.210
0.837	0.161	0.001	0.001
>GTCTATTCTA	7-GTCTATTCTA	8.299886	-37.785289	0	T:18.0(5.73%),B:1.0(0.32%),P:1e-16	Tpos:98.6,Tstd:44.3,Bpos:119.0,Bstd:0.0,StrandBias:-1.4,Multiplicity:1.61
0.050	0.050	0.746	0.154
0.001	0.099	0.198	0.702
0.001	0.839	0.017	0.143
0.099	0.049	0.001	0.851
0.801	0.001	0.197	0.001
0.001	0.001	0.001	0.997
0.001	0.001	0.001	0.997
0.157	0.568	0.001	0.274
0.049	0.148	0.001	0.802
0.685	0.166	0.001	0.148
>TCATCTTCCT	8-TCATCTTCCT	7.863469	-35.756285	0	T:22.0(7.01%),B:2.0(0.64%),P:1e-15	Tpos:116.1,Tstd:49.3,Bpos:151.0,Bstd:20.0,StrandBias:-0.3,Multiplicity:1.00
0.115	0.077	0.058	0.750
0.041	0.764	0.115	0.080
0.815	0.118	0.001	0.066
0.077	0.077	0.058	0.788
0.041	0.783	0.077	0.099
0.019	0.038	0.001	0.942
0.001	0.079	0.099	0.821
0.022	0.761	0.118	0.099
0.115	0.770	0.038	0.077
0.058	0.058	0.038	0.846
>CAATGTTTAC	9-CAATGTTTAC	8.336600	-34.839371	0	T:17.0(5.41%),B:1.0(0.32%),P:1e-15	Tpos:100.8,Tstd:58.9,Bpos:43.0,Bstd:0.0,StrandBias:-0.3,Multiplicity:1.06
0.074	0.924	0.001	0.001
0.884	0.095	0.001	0.020
0.570	0.001	0.020	0.409
0.388	0.001	0.001	0.610
0.001	0.001	0.997	0.001
0.001	0.001	0.001	0.997
0.001	0.001	0.074	0.924
0.001	0.001	0.074	0.924
0.790	0.208	0.001	0.001
0.001	0.924	0.001	0.074
>GATGCTAACA	10-GATGCTAACA	7.715170	-33.291259	0	T:21.0(6.69%),B:2.0(0.64%),P:1e-14	Tpos:94.1,Tstd:49.3,Bpos:82.5,Bstd:0.5,StrandBias:0.3,Multiplicity:1.05
0.110	0.059	0.830	0.001
0.834	0.110	0.001	0.055
0.055	0.001	0.059	0.885
0.055	0.028	0.862	0.055
0.083	0.751	0.083	0.083
0.087	0.083	0.055	0.775
0.753	0.133	0.055	0.059
0.720	0.087	0.138	0.055
0.115	0.743	0.087	0.055
0.913	0.027	0.059	0.001
>ACTGAAACAT	11-ACTGAAACAT	8.288872	-33.291259	0	T:21.0(6.69%),B:2.0(0.64%),P:1e-14	Tpos:103.8,Tstd:58.3,Bpos:152.0,Bstd:26.0,StrandBias:0.7,Multiplicity:1.11
0.764	0.001	0.094	0.141
0.051	0.796	0.106	0.047
0.152	0.001	0.047	0.800
0.141	0.001	0.857	0.001
0.847	0.001	0.011	0.141
0.741	0.001	0.200	0.058
0.977	0.001	0.011	0.011
0.240	0.559	0.106	0.095
0.893	0.001	0.001	0.105
0.047	0.047	0.058	0.848
>GGRGGAGGAG	12-GGRGGAGGAG	9.493260	-31.953603	0	T:16.0(5.10%),B:1.0(0.32%),P:1e-13	Tpos:111.6,Tstd:68.6,Bpos:148.0,Bstd:0.0,StrandBias:-0.9,Multiplicity:1.12
0.001	0.001	0.936	0.062
0.001	0.001	0.873	0.125
0.446	0.001	0.552	0.001
0.125	0.001	0.692	0.182
0.001	0.001	0.936	0.062
0.997	0.001	0.001	0.001
0.124	0.001	0.874	0.001
0.001	0.001	0.997	0.001
0.755	0.001	0.243	0.001
0.001	0.001	0.997	0.001
>CAAATTGAAG	13-CAAATTGAAG	8.020668	-29.834269	0	T:23.0(7.32%),B:3.0(0.96%),P:1e-12	Tpos:84.0,Tstd:61.8,Bpos:131.3,Bstd:47.4,StrandBias:-0.6,Multiplicity:1.05
0.138	0.762	0.060	0.040
0.920	0.020	0.020	0.040
0.815	0.060	0.105	0.020
0.885	0.045	0.045	0.025
0.040	0.085	0.196	0.679
0.078	0.020	0.060	0.842
0.080	0.060	0.775	0.085
0.840	0.020	0.100	0.040
0.855	0.020	0.060	0.065
0.140	0.100	0.680	0.080
>AAAACTTAAG	14-AAAACTTAAG	10.030582	-29.131370	0	T:15.0(4.78%),B:1.0(0.32%),P:1e-12	Tpos:92.7,Tstd:50.5,Bpos:124.0,Bstd:0.0,StrandBias:0.6,Multiplicity:1.00
0.930	0.068	0.001	0.001
0.997	0.001	0.001	0.001
0.997	0.001	0.001	0.001
0.997	0.001	0.001	0.001
0.001	0.997	0.001	0.001
0.069	0.069	0.001	0.861
0.380	0.069	0.001	0.550
0.861	0.069	0.001	0.069
0.997	0.001	0.001	0.001
0.069	0.069	0.793	0.069
>AAGGGACTTT	15-AAGGGACTTT	9.392220	-28.511904	0	T:19.0(6.05%),B:2.0(0.64%),P:1e-12	Tpos:101.4,Tstd:51.0,Bpos:81.0,Bstd:0.0,StrandBias:0.3,Multiplicity:1.00
0.997	0.001	0.001	0.001
0.801	0.001	0.132	0.066
0.001	0.001	0.997	0.001
0.252	0.001	0.746	0.001
0.245	0.152	0.602	0.001
0.736	0.066	0.001	0.197
0.001	0.708	0.225	0.066
0.001	0.001	0.001	0.997
0.065	0.001	0.001	0.933
0.066	0.001	0.066	0.867
>GACATGGAAT	16-GACATGGAAT	9.729423	-23.693272	0	T:13.0(4.14%),B:0.0(0.00%),P:1e-10	Tpos:118.6,Tstd:56.3,Bpos:0.0,Bstd:0.0,StrandBias:-0.4,Multiplicity:1.08
0.001	0.001	0.997	0.001
0.907	0.001	0.091	0.001
0.091	0.642	0.266	0.001
0.817	0.091	0.001	0.091
0.001	0.001	0.001	0.997
0.001	0.001	0.997	0.001
0.091	0.001	0.907	0.001
0.997	0.001	0.001	0.001
0.997	0.001	0.001	0.001
0.091	0.001	0.091	0.817
>TTAATATATG	17-TTAATATATG	6.539666	-21.701752	0	T:19.0(6.05%),B:3.0(0.96%),P:1e-9	Tpos:100.4,Tstd:55.8,Bpos:70.0,Bstd:46.0,StrandBias:0.2,Multiplicity:1.06
0.144	0.105	0.112	0.639
0.140	0.120	0.130	0.610
0.592	0.122	0.117	0.169
0.607	0.121	0.125	0.147
0.180	0.119	0.113	0.588
0.588	0.111	0.130	0.171
0.167	0.121	0.114	0.598
0.573	0.132	0.121	0.174
0.141	0.049	0.117	0.693
0.189	0.111	0.515	0.185
>CTCCAGAGGT	18-CTCCAGAGGT	7.699664	-19.870418	0	T:23.0(7.32%),B:5.0(1.59%),P:1e-8	Tpos:100.9,Tstd:56.0,Bpos:103.6,Bstd:58.5,StrandBias:0.3,Multiplicity:1.17
0.027	0.872	0.027	0.074
0.120	0.046	0.023	0.811
0.046	0.857	0.051	0.046
0.093	0.810	0.023	0.074
0.879	0.001	0.001	0.119
0.093	0.074	0.740	0.093
0.812	0.023	0.070	0.095
0.137	0.023	0.747	0.093
0.097	0.001	0.782	0.120
0.139	0.046	0.070	0.745
>AAAATCATCA	19-AAAATCATCA	8.350283	-19.625792	0	T:15.0(4.78%),B:2.0(0.64%),P:1e-8	Tpos:105.9,Tstd:56.2,Bpos:87.0,Bstd:62.0,StrandBias:1.0,Multiplicity:1.00
0.700	0.100	0.100	0.100
0.700	0.100	0.100	0.100
0.700	0.100	0.100	0.100
0.700	0.100	0.100	0.100
0.100	0.100	0.100	0.700
0.100	0.700	0.100	0.100
0.700	0.100	0.100	0.100
0.100	0.100	0.100	0.700
0.100	0.700	0.100	0.100
0.700	0.100	0.100	0.100
>TGATTATTTA	20-TGATTATTTA	6.604326	-19.625792	0	T:15.0(4.78%),B:2.0(0.64%),P:1e-8	Tpos:96.9,Tstd:48.5,Bpos:103.5,Bstd:72.5,StrandBias:-1.9,Multiplicity:1.00
0.152	0.061	0.119	0.668
0.134	0.143	0.552	0.171
0.562	0.129	0.130	0.179
0.139	0.110	0.136	0.615
0.144	0.134	0.125	0.597
0.536	0.137	0.125	0.202
0.115	0.118	0.109	0.658
0.159	0.098	0.145	0.598
0.134	0.081	0.124	0.661
0.553	0.127	0.146	0.174
>CTTTCTCTCT	21-CTTTCTCTCT	7.464492	-16.263718	0	T:45.0(14.33%),B:19.0(6.05%),P:1e-7	Tpos:102.6,Tstd:49.6,Bpos:103.3,Bstd:42.8,StrandBias:0.5,Multiplicity:1.36
0.001	0.967	0.008	0.024
0.001	0.001	0.001	0.997
0.001	0.358	0.001	0.640
0.001	0.008	0.024	0.967
0.001	0.991	0.001	0.007
0.001	0.001	0.001	0.997
0.001	0.582	0.008	0.409
0.001	0.001	0.001	0.997
0.008	0.983	0.008	0.001
0.001	0.001	0.001	0.997
>TTTAAAYACA	22-TTTAAAYACA	9.412708	-16.160580	0	T:16.0(5.10%),B:3.0(0.96%),P:1e-7	Tpos:109.9,Tstd:43.7,Bpos:129.5,Bstd:62.5,StrandBias:0.0,Multiplicity:1.23
0.001	0.001	0.001	0.997
0.001	0.001	0.336	0.662
0.212	0.288	0.014	0.486
0.707	0.291	0.001	0.001
0.576	0.292	0.001	0.131
0.997	0.001	0.001	0.001
0.001	0.471	0.001	0.527
0.997	0.001	0.001	0.001
0.225	0.773	0.001	0.001
0.997	0.001	0.001	0.001
>RTAGATAGAT	23-RTAGATAGAT	9.214074	-16.127236	0	T:10.0(3.18%),B:1.0(0.32%),P:1e-7	Tpos:100.5,Tstd:41.0,Bpos:78.0,Bstd:11.5,StrandBias:0.8,Multiplicity:1.70
0.431	0.052	0.466	0.051
0.026	0.077	0.077	0.820
0.796	0.001	0.126	0.077
0.026	0.126	0.771	0.077
0.871	0.051	0.077	0.001
0.103	0.026	0.077	0.794
0.870	0.001	0.128	0.001
0.076	0.001	0.922	0.001
0.848	0.074	0.077	0.001
0.026	0.051	0.026	0.897
>TGTGTGTGTG	24-TGTGTGTGTG	7.246025	-14.023041	0	T:35.0(11.15%),B:14.0(4.46%),P:1e-6	Tpos:99.1,Tstd:47.8,Bpos:106.5,Bstd:67.7,StrandBias:-0.8,Multiplicity:1.29
0.072	0.087	0.161	0.680
0.204	0.156	0.420	0.221
0.131	0.030	0.250	0.589
0.189	0.206	0.489	0.115
0.079	0.027	0.121	0.773
0.126	0.125	0.617	0.132
0.091	0.027	0.053	0.829
0.188	0.165	0.547	0.100
0.097	0.041	0.127	0.735
0.140	0.137	0.458	0.265
>ARAAGARAAG	25-ARAAGARAAG	10.955613	-10.068959	0	T:10.0(3.18%),B:2.0(0.64%),P:1e-4	Tpos:97.3,Tstd:51.0,Bpos:102.5,Bstd:48.5,StrandBias:-2.6,Multiplicity:3.50
0.950	0.001	0.032	0.017
0.509	0.005	0.459	0.027
0.775	0.027	0.079	0.119
0.962	0.001	0.016	0.021
0.326	0.012	0.651	0.011
0.946	0.001	0.037	0.016
0.476	0.001	0.512	0.011
0.945	0.010	0.044	0.001
0.983	0.001	0.005	0.011
0.367	0.005	0.617	0.011
