>CAATGTTTAC	1-CAATGTTTAC	9.573705	-44.399169	0	T:16.0(5.10%),B:2.0(0.14%),P:1e-19	Tpos:92.6,Tstd:56.5,Bpos:35.0,Bstd:8.0,StrandBias:-0.2,Multiplicity:1.06
0.001	0.997	0.001	0.001
0.717	0.188	0.001	0.094
0.811	0.001	0.094	0.094
0.093	0.001	0.001	0.905
0.001	0.001	0.997	0.001
0.001	0.001	0.001	0.997
0.001	0.094	0.094	0.811
0.001	0.001	0.093	0.905
0.847	0.151	0.001	0.001
0.001	0.905	0.001	0.093
>ACTGATCACT	2-ACTGATCACT	10.913064	-30.464617	0	T:10.0(3.18%),B:0.0(0.00%),P:1e-13	Tpos:90.7,Tstd:56.5,Bpos:0.0,Bstd:0.0,StrandBias:-1.2,Multiplicity:1.00
0.749	0.001	0.125	0.125
0.125	0.749	0.001	0.125
0.001	0.001	0.001	0.997
0.001	0.001	0.997	0.001
0.874	0.001	0.001	0.124
0.001	0.124	0.001	0.874
0.001	0.874	0.124	0.001
0.997	0.001	0.001	0.001
0.001	0.997	0.001	0.001
0.001	0.001	0.001	0.997
>TGTCTCTGAT	3-TGTCTCTGAT	10.751516	-26.969982	0	T:11.0(3.50%),B:2.0(0.14%),P:1e-11	Tpos:83.5,Tstd:53.5,Bpos:40.0,Bstd:7.0,StrandBias:1.6,Multiplicity:1.09
0.001	0.001	0.001	0.997
0.001	0.001	0.997	0.001
0.001	0.001	0.001	0.997
0.001	0.782	0.001	0.216
0.001	0.216	0.001	0.782
0.001	0.997	0.001	0.001
0.010	0.001	0.001	0.988
0.216	0.001	0.782	0.001
0.876	0.001	0.122	0.001
0.001	0.216	0.001	0.782
>TGAGATTGMA	4-TGAGATTGMA	7.699250	-25.632732	0	T:12.0(3.82%),B:3.0(0.21%),P:1e-11	Tpos:79.8,Tstd:49.4,Bpos:69.3,Bstd:42.1,StrandBias:-1.6,Multiplicity:1.00
0.015	0.001	0.001	0.983
0.116	0.143	0.589	0.152
0.563	0.001	0.351	0.085
0.167	0.160	0.530	0.143
0.441	0.160	0.124	0.275
0.250	0.107	0.016	0.627
0.204	0.001	0.264	0.531
0.287	0.066	0.455	0.192
0.318	0.374	0.140	0.168
0.782	0.008	0.001	0.209
>TTGCCACCAG	5-TTGCCACCAG	7.937886	-23.728847	0	T:10.0(3.18%),B:2.0(0.14%),P:1e-10	Tpos:121.2,Tstd:41.3,Bpos:50.5,Bstd:11.5,StrandBias:-0.6,Multiplicity:1.00
0.001	0.001	0.001	0.997
0.001	0.001	0.001	0.997
0.001	0.001	0.997	0.001
0.001	0.997	0.001	0.001
0.001	0.997	0.001	0.001
0.997	0.001	0.001	0.001
0.001	0.617	0.117	0.265
0.001	0.733	0.265	0.001
0.646	0.088	0.265	0.001
0.001	0.001	0.997	0.001
>TGCTAGTGGA	6-TGCTAGTGGA	10.921239	-23.728847	0	T:10.0(3.18%),B:2.0(0.14%),P:1e-10	Tpos:144.6,Tstd:40.5,Bpos:100.0,Bstd:79.0,StrandBias:0.6,Multiplicity:1.00
0.001	0.001	0.134	0.864
0.001	0.001	0.997	0.001
0.001	0.997	0.001	0.001
0.001	0.001	0.001	0.997
0.997	0.001	0.001	0.001
0.135	0.135	0.595	0.135
0.001	0.001	0.001	0.997
0.001	0.001	0.997	0.001
0.001	0.001	0.676	0.322
0.997	0.001	0.001	0.001
>TCAAGAGATT	7-TCAAGAGATT	9.468643	-23.728847	0	T:10.0(3.18%),B:2.0(0.14%),P:1e-10	Tpos:79.2,Tstd:48.1,Bpos:91.5,Bstd:25.5,StrandBias:-0.3,Multiplicity:1.10
0.001	0.001	0.130	0.868
0.157	0.841	0.001	0.001
0.868	0.130	0.001	0.001
0.868	0.001	0.001	0.130
0.001	0.001	0.997	0.001
0.525	0.289	0.001	0.185
0.001	0.001	0.868	0.130
0.868	0.130	0.001	0.001
0.130	0.001	0.001	0.868
0.001	0.001	0.001	0.997
>GCGGTGATTA	8-GCGGTGATTA	8.718636	-22.902844	0	T:8.0(2.55%),B:1.0(0.07%),P:1e-9	Tpos:110.8,Tstd:58.4,Bpos:76.0,Bstd:0.0,StrandBias:1.8,Multiplicity:1.12
0.073	0.001	0.706	0.220
0.073	0.550	0.304	0.073
0.147	0.001	0.769	0.083
0.073	0.001	0.925	0.001
0.001	0.001	0.024	0.974
0.073	0.147	0.779	0.001
0.997	0.001	0.001	0.001
0.147	0.147	0.001	0.705
0.001	0.146	0.001	0.852
0.779	0.001	0.073	0.147
>AGGTCTTASG	9-AGGTCTTASG	9.456285	-20.585600	0	T:9.0(2.87%),B:2.0(0.14%),P:1e-8	Tpos:88.4,Tstd:62.7,Bpos:50.0,Bstd:14.0,StrandBias:1.8,Multiplicity:1.00
0.997	0.001	0.001	0.001
0.115	0.001	0.883	0.001
0.116	0.132	0.751	0.001
0.001	0.115	0.001	0.883
0.116	0.767	0.116	0.001
0.001	0.001	0.001	0.997
0.001	0.001	0.001	0.997
0.767	0.116	0.001	0.116
0.116	0.265	0.387	0.232
0.231	0.001	0.767	0.001
>CCTACCTMCC	10-CCTACCTMCC	8.386042	-20.484609	0	T:21.0(6.69%),B:18.0(1.28%),P:1e-8	Tpos:143.2,Tstd:44.7,Bpos:98.3,Bstd:48.1,StrandBias:2.2,Multiplicity:1.00
0.001	0.997	0.001	0.001
0.001	0.997	0.001	0.001
0.001	0.001	0.001	0.997
0.594	0.085	0.320	0.001
0.001	0.997	0.001	0.001
0.318	0.572	0.001	0.109
0.001	0.001	0.001	0.997
0.537	0.461	0.001	0.001
0.001	0.997	0.001	0.001
0.001	0.997	0.001	0.001
>GCCCATAATC	11-GCCCATAATC	10.562201	-19.738405	0	T:11.0(3.50%),B:4.0(0.28%),P:1e-8	Tpos:102.8,Tstd:67.9,Bpos:53.2,Bstd:41.6,StrandBias:1.4,Multiplicity:1.00
0.001	0.091	0.817	0.091
0.001	0.908	0.090	0.001
0.001	0.997	0.001	0.001
0.001	0.908	0.001	0.090
0.908	0.001	0.001	0.090
0.001	0.091	0.091	0.817
0.908	0.090	0.001	0.001
0.908	0.090	0.001	0.001
0.001	0.001	0.001	0.997
0.001	0.908	0.090	0.001
>CCAACCCGAC	12-CCAACCCGAC	9.365579	-19.296453	0	T:7.0(2.23%),B:1.0(0.07%),P:1e-8	Tpos:99.7,Tstd:51.2,Bpos:16.0,Bstd:0.0,StrandBias:0.4,Multiplicity:1.00
0.064	0.871	0.064	0.001
0.063	0.935	0.001	0.001
0.997	0.001	0.001	0.001
0.737	0.007	0.192	0.064
0.127	0.871	0.001	0.001
0.127	0.871	0.001	0.001
0.001	0.673	0.064	0.262
0.128	0.327	0.538	0.007
0.871	0.064	0.001	0.064
0.128	0.673	0.064	0.135
>AGAAAGMGAG	13-AGAAAGMGAG	9.695645	-18.998690	0	T:35.0(11.15%),B:51.0(3.62%),P:1e-8	Tpos:95.0,Tstd:45.1,Bpos:101.4,Bstd:52.5,StrandBias:0.4,Multiplicity:1.37
0.997	0.001	0.001	0.001
0.001	0.355	0.643	0.001
0.997	0.001	0.001	0.001
0.749	0.001	0.001	0.249
0.997	0.001	0.001	0.001
0.249	0.001	0.749	0.001
0.507	0.491	0.001	0.001
0.238	0.001	0.501	0.260
0.992	0.001	0.006	0.001
0.001	0.001	0.997	0.001
>CTTCTCTTCT	14-CTTCTCTTCT	10.483495	-17.550042	0	T:8.0(2.55%),B:2.0(0.14%),P:1e-7	Tpos:142.8,Tstd:25.1,Bpos:118.0,Bstd:65.0,StrandBias:2.2,Multiplicity:2.12
0.001	0.997	0.001	0.001
0.001	0.001	0.001	0.997
0.001	0.001	0.001	0.997
0.001	0.997	0.001	0.001
0.001	0.001	0.001	0.997
0.001	0.997	0.001	0.001
0.001	0.001	0.001	0.997
0.035	0.035	0.001	0.929
0.001	0.997	0.001	0.001
0.001	0.001	0.001	0.997
>CAAYAACAAC	15-CAAYAACAAC	10.108598	-15.122759	0	T:14.0(4.46%),B:11.0(0.78%),P:1e-6	Tpos:76.3,Tstd:49.3,Bpos:130.8,Bstd:48.8,StrandBias:-0.7,Multiplicity:1.07
0.052	0.946	0.001	0.001
0.893	0.001	0.053	0.053
0.997	0.001	0.001	0.001
0.001	0.426	0.001	0.572
0.946	0.052	0.001	0.001
0.997	0.001	0.001	0.001
0.001	0.946	0.001	0.052
0.997	0.001	0.001	0.001
0.997	0.001	0.001	0.001
0.001	0.997	0.001	0.001
>ACCAGTTCCG	16-ACCAGTTCCG	8.350283	-12.511449	0	T:5.0(1.59%),B:1.0(0.07%),P:1e-5	Tpos:99.8,Tstd:48.3,Bpos:9.0,Bstd:0.0,StrandBias:2.8,Multiplicity:1.60
0.700	0.100	0.100	0.100
0.100	0.700	0.100	0.100
0.100	0.700	0.100	0.100
0.700	0.100	0.100	0.100
0.100	0.100	0.700	0.100
0.100	0.100	0.100	0.700
0.100	0.100	0.100	0.700
0.100	0.700	0.100	0.100
0.100	0.700	0.100	0.100
0.100	0.100	0.700	0.100
>CGGAGTTTCT	17-CGGAGTTTCT	8.350283	-11.985280	0	T:7.0(2.23%),B:3.0(0.21%),P:1e-5	Tpos:129.4,Tstd:58.2,Bpos:96.0,Bstd:87.0,StrandBias:-0.4,Multiplicity:1.00
0.100	0.700	0.100	0.100
0.100	0.100	0.700	0.100
0.100	0.100	0.700	0.100
0.700	0.100	0.100	0.100
0.100	0.100	0.700	0.100
0.100	0.100	0.100	0.700
0.100	0.100	0.100	0.700
0.100	0.100	0.100	0.700
0.100	0.700	0.100	0.100
0.100	0.100	0.100	0.700
>CCCGGGKCTA	18-CCCGGGKCTA	9.705966	-11.853334	0	T:6.0(1.91%),B:2.0(0.14%),P:1e-5	Tpos:137.9,Tstd:33.6,Bpos:82.0,Bstd:24.0,StrandBias:0.0,Multiplicity:1.17
0.001	0.997	0.001	0.001
0.001	0.997	0.001	0.001
0.001	0.722	0.001	0.276
0.001	0.075	0.923	0.001
0.001	0.001	0.997	0.001
0.001	0.001	0.997	0.001
0.001	0.001	0.446	0.552
0.001	0.997	0.001	0.001
0.001	0.001	0.001	0.997
0.660	0.031	0.001	0.308
>CTCCTCCCCC	19-CTCCTCCCCC	11.228249	-11.472246	0	T:9.0(2.87%),B:6.0(0.43%),P:1e-4	Tpos:125.5,Tstd:70.0,Bpos:108.6,Bstd:33.0,StrandBias:0.8,Multiplicity:1.00
0.001	0.997	0.001	0.001
0.001	0.001	0.001	0.997
0.001	0.997	0.001	0.001
0.001	0.997	0.001	0.001
0.001	0.168	0.168	0.663
0.001	0.842	0.156	0.001
0.401	0.597	0.001	0.001
0.001	0.638	0.001	0.360
0.064	0.607	0.001	0.328
0.001	0.997	0.001	0.001
>TGTCTCYATC	20-TGTCTCYATC	7.310882	-10.465566	0	T:23.0(7.32%),B:39.0(2.77%),P:1e-4	Tpos:114.5,Tstd:48.7,Bpos:90.7,Bstd:49.5,StrandBias:1.1,Multiplicity:1.00
0.001	0.001	0.035	0.963
0.001	0.256	0.742	0.001
0.001	0.001	0.001	0.997
0.001	0.997	0.001	0.001
0.001	0.001	0.001	0.997
0.001	0.997	0.001	0.001
0.001	0.477	0.001	0.521
0.658	0.340	0.001	0.001
0.001	0.001	0.001	0.997
0.001	0.997	0.001	0.001
>TRTBTKTGTG	21-TRTBTKTGTG	9.692484	-9.273172	0	T:29.0(9.24%),B:60.0(4.26%),P:1e-4	Tpos:104.6,Tstd:47.3,Bpos:107.1,Bstd:48.1,StrandBias:-0.6,Multiplicity:1.18
0.001	0.001	0.160	0.838
0.341	0.129	0.364	0.166
0.001	0.001	0.061	0.937
0.121	0.236	0.353	0.290
0.001	0.001	0.001	0.997
0.001	0.135	0.493	0.371
0.001	0.001	0.001	0.997
0.166	0.221	0.608	0.005
0.001	0.001	0.001	0.997
0.061	0.064	0.731	0.144
>TTCCTTYCTT	22-TTCCTTYCTT	10.516985	-9.263730	0	T:15.0(4.78%),B:21.0(1.49%),P:1e-4	Tpos:109.7,Tstd:39.2,Bpos:88.5,Bstd:40.0,StrandBias:2.0,Multiplicity:1.20
0.001	0.001	0.001	0.997
0.063	0.067	0.075	0.795
0.017	0.550	0.173	0.260
0.001	0.699	0.001	0.299
0.001	0.139	0.001	0.859
0.001	0.001	0.001	0.997
0.001	0.516	0.038	0.445
0.001	0.804	0.001	0.194
0.077	0.117	0.001	0.805
0.001	0.143	0.001	0.855
>TTGCTTTCCT	23-TTGCTTTCCT	11.427969	-9.227030	0	T:5.0(1.59%),B:2.0(0.14%),P:1e-4	Tpos:68.3,Tstd:28.9,Bpos:37.0,Bstd:25.0,StrandBias:3.5,Multiplicity:2.40
0.001	0.001	0.001	0.997
0.001	0.001	0.001	0.997
0.001	0.235	0.763	0.001
0.001	0.997	0.001	0.001
0.001	0.001	0.001	0.997
0.001	0.001	0.001	0.997
0.001	0.001	0.001	0.997
0.001	0.997	0.001	0.001
0.001	0.617	0.381	0.001
0.381	0.001	0.001	0.617
>TCTATATATA	24-TCTATATATA	8.941001	-8.539472	0	T:31.0(9.87%),B:69.0(4.89%),P:1e-3	Tpos:109.6,Tstd:32.2,Bpos:103.5,Bstd:36.2,StrandBias:-0.0,Multiplicity:1.35
0.001	0.211	0.001	0.787
0.204	0.565	0.206	0.025
0.001	0.096	0.001	0.902
0.505	0.255	0.188	0.052
0.081	0.001	0.158	0.760
0.829	0.169	0.001	0.001
0.001	0.001	0.001	0.997
0.932	0.001	0.001	0.066
0.055	0.001	0.001	0.943
0.920	0.001	0.078	0.001
>AAAGAAAAGA	25-AAAGAAAAGA	10.789773	-4.383898	0	T:7.0(2.23%),B:11.0(0.78%),P:1e-1	Tpos:71.3,Tstd:49.4,Bpos:92.5,Bstd:63.0,StrandBias:-2.7,Multiplicity:3.14
0.948	0.050	0.001	0.001
0.997	0.001	0.001	0.001
0.997	0.001	0.001	0.001
0.001	0.001	0.997	0.001
0.997	0.001	0.001	0.001
0.948	0.001	0.050	0.001
0.997	0.001	0.001	0.001
0.997	0.001	0.001	0.001
0.001	0.001	0.997	0.001
0.997	0.001	0.001	0.001
